service_id,monday,tuesday,wednesday,thursday,friday,saturday,sunday,start_date,end_date
111A-014AV,1,1,1,1,1,0,0,20200304,20200430
111A-0146M,0,0,0,0,0,1,0,20200307,20200502
111A-0147M,0,0,0,0,0,0,1,20200308,20200426
111A-014BM,1,1,0,1,1,0,0,20200309,20200417
111A-0143M,0,0,1,0,0,0,0,20200311,20200415
112A-015AV,1,1,1,1,1,0,0,20200304,20200430
112A-015BM,1,1,0,1,1,0,0,20200309,20200417
112A-0153M,0,0,1,0,0,0,0,20200311,20200415
115A-010AV,1,1,1,1,1,0,0,20200304,20200306
115A-011AM,1,1,1,1,1,0,0,20200309,20200417
118A-025AV,1,1,1,1,1,0,0,20200304,20200306
118A-0246M,0,0,0,0,0,1,0,20200307,20200307
118A-0247M,0,0,0,0,0,0,1,20200308,20200308
118A-026AM,1,1,1,1,1,0,0,20200309,20200417
118A-0256M,0,0,0,0,0,1,0,20200314,20200502
118A-0257M,0,0,0,0,0,0,1,20200315,20200426
11B-032AV,1,1,1,1,1,0,0,20200304,20200430
11B-0326M,0,0,0,0,0,1,0,20200307,20200502
11B-032AM,1,1,1,1,1,0,0,20200309,20200417
12B-032AV,1,1,1,1,1,0,0,20200304,20200430
12B-0326M,0,0,0,0,0,1,0,20200307,20200502
12B-0327M,0,0,0,0,0,0,1,20200308,20200426
12B-032AM,1,1,1,1,1,0,0,20200309,20200417
142A-004AV,1,1,1,1,1,0,0,20200304,20200430
142A-003AM,1,1,1,1,1,0,0,20200309,20200417
14B-027AM,1,1,1,1,1,0,0,20200304,20200306
14B-0276M,0,0,0,0,0,1,0,20200307,20200307
14B-0277M,0,0,0,0,0,0,1,20200308,20200308
14B-030AM,1,1,1,1,1,0,0,20200309,20200417
14B-0306M,0,0,0,0,0,1,0,20200314,20200502
14B-0307M,0,0,0,0,0,0,1,20200315,20200426
15B-022AM,1,1,1,1,1,0,0,20200304,20200430
15B-0226M,0,0,0,0,0,1,0,20200307,20200502
15B-0227M,0,0,0,0,0,0,1,20200308,20200426
16A-012AV,1,1,1,1,1,0,0,20200304,20200430
16A-0166M,0,0,0,0,0,1,0,20200307,20200502
16A-0147M,0,0,0,0,0,0,1,20200308,20200426
16A-014AM,1,1,1,1,1,0,0,20200309,20200417
171-016AM,1,1,1,1,1,0,0,20200304,20200430
171-0166M,0,0,0,0,0,1,0,20200307,20200502
171-0167M,0,0,0,0,0,0,1,20200308,20200426
17B-027AV,1,1,1,1,1,0,0,20200304,20200430
17B-0276M,0,0,0,0,0,1,0,20200307,20200502
17B-027AM,1,1,1,1,1,0,0,20200309,20200417
18B-021AM,1,1,1,1,1,0,0,20200304,20200430
18B-0226M,0,0,0,0,0,1,0,20200307,20200502
18B-0227M,0,0,0,0,0,0,1,20200308,20200426
19A-020AV,1,1,1,1,1,0,0,20200304,20200430
19A-0206M,0,0,0,0,0,1,0,20200307,20200502
19A-0207M,0,0,0,0,0,0,1,20200308,20200426
19A-020AM,1,1,1,1,1,0,0,20200309,20200327
19A-025AM,1,1,1,1,1,0,0,20200330,20200417
1EX-031AV,1,1,1,1,1,0,0,20200304,20200430
1EX-0316V,0,0,0,0,0,1,0,20200307,20200502
1EX-0317V,0,0,0,0,0,0,1,20200308,20200426
1EX-031BM,1,1,0,1,1,0,0,20200309,20200417
1EX-0313M,0,0,1,0,0,0,0,20200311,20200415
1EX-0316M,0,0,0,0,0,1,0,20200314,20200418
1EX-0317M,0,0,0,0,0,0,1,20200315,20200419
20A-030AV,1,1,1,1,1,0,0,20200304,20200306
20A-0306M,0,0,0,0,0,1,0,20200307,20200328
20A-0307M,0,0,0,0,0,0,1,20200308,20200329
20A-030BM,1,1,0,1,1,0,0,20200309,20200327
20A-0303M,0,0,1,0,0,0,0,20200311,20200325
20A-031BM,1,1,0,1,1,0,0,20200330,20200417
20A-0313M,0,0,1,0,0,0,0,20200401,20200415
20A-0316M,0,0,0,0,0,1,0,20200404,20200502
20A-0317M,0,0,0,0,0,0,1,20200405,20200426
21A-040CM,1,1,1,1,0,0,0,20200304,20200430
21A-0405M,0,0,0,0,1,0,0,20200306,20200424
21A-0406M,0,0,0,0,0,1,0,20200307,20200502
21A-0407M,0,0,0,0,0,0,1,20200308,20200426
22A-030AV,1,1,1,1,1,0,0,20200304,20200306
22A-0306M,0,0,0,0,0,1,0,20200307,20200328
22A-0307M,0,0,0,0,0,0,1,20200308,20200329
22A-030AM,1,1,1,1,1,0,0,20200309,20200327
22A-031AM,1,1,1,1,1,0,0,20200330,20200417
22A-0316M,0,0,0,0,0,1,0,20200404,20200502
22A-0317M,0,0,0,0,0,0,1,20200405,20200426
23A-020AM,1,1,1,1,1,0,0,20200304,20200430
24A-029AV,1,1,1,1,1,0,0,20200304,20200430
24A-0286M,0,0,0,0,0,1,0,20200307,20200502
24A-0287M,0,0,0,0,0,0,1,20200308,20200426
24A-029AM,1,1,1,1,1,0,0,20200309,20200417
25A-032AT,1,1,1,1,1,0,0,20200304,20200430
25A-0326T,0,0,0,0,0,1,0,20200307,20200502
25A-0327T,0,0,0,0,0,0,1,20200308,20200426
26A-022AM,1,1,1,1,1,0,0,20200304,20200430
26A-0336M,0,0,0,0,0,1,0,20200307,20200502
26A-0337M,0,0,0,0,0,0,1,20200308,20200426
27A-036AV,1,1,1,1,1,0,0,20200304,20200430
27A-0366M,0,0,0,0,0,1,0,20200307,20200502
27A-036AM,1,1,1,1,1,0,0,20200309,20200417
28A-032AM,1,1,1,1,1,0,0,20200304,20200430
28A-0326M,0,0,0,0,0,1,0,20200307,20200502
28A-0327M,0,0,0,0,0,0,1,20200308,20200426
296-155AV,1,1,1,1,1,0,0,20200304,20200430
296-1556V,0,0,0,0,0,1,0,20200307,20200502
296-1557V,0,0,0,0,0,0,1,20200308,20200426
296-155DM,1,1,0,1,0,0,0,20200309,20200416
296-1553M,0,0,1,0,0,0,0,20200311,20200415
296-1555M,0,0,0,0,1,0,0,20200313,20200417
296-1556M,0,0,0,0,0,1,0,20200314,20200418
296-1557M,0,0,0,0,0,0,1,20200315,20200419
29A-0283M,0,0,1,0,0,0,0,20200304,20200429
29A-028BM,1,1,0,1,1,0,0,20200305,20200430
2A-024AV,1,1,1,1,1,0,0,20200304,20200306
2A-0246M,0,0,0,0,0,1,0,20200307,20200328
2A-0267M,0,0,0,0,0,0,1,20200308,20200329
2A-024AM,1,1,1,1,1,0,0,20200309,20200327
2A-025AM,1,1,1,1,1,0,0,20200330,20200417
2A-0256M,0,0,0,0,0,1,0,20200404,20200502
2A-0277M,0,0,0,0,0,0,1,20200405,20200426
2EX-017AM,1,1,1,1,1,0,0,20200304,20200430
2EX-0176M,0,0,0,0,0,1,0,20200307,20200502
2EX-0157M,0,0,0,0,0,0,1,20200308,20200426
301A-600CU,1,1,1,1,0,0,0,20200304,20200304
301A-019CV,1,1,1,1,0,0,0,20200305,20200430
301A-0195V,0,0,0,0,1,0,0,20200306,20200424
301A-0136A,0,0,0,0,0,1,0,20200307,20200307
301A-0237M,0,0,0,0,0,0,1,20200308,20200412
301A-027CT,1,1,1,1,0,0,0,20200309,20200330
301A-022CN,1,1,1,1,0,0,0,20200312,20200416
301A-0225N,0,0,0,0,1,0,0,20200313,20200417
301A-0136T,0,0,0,0,0,1,0,20200314,20200328
301A-0127T,0,0,0,0,0,0,1,20200329,20200329
301A-0346M,0,0,0,0,0,1,0,20200404,20200404
301A-0256P,0,0,0,0,0,1,0,20200411,20200502
301A-0237P,0,0,0,0,0,0,1,20200413,20200413
301A-0247V,0,0,0,0,0,0,1,20200419,20200426
301A-0256K,0,0,0,0,0,1,0,20200425,20200425
302A-600CU,1,1,1,1,0,0,0,20200304,20200304
302A-019CV,1,1,1,1,0,0,0,20200305,20200430
302A-0195V,0,0,0,0,1,0,0,20200306,20200424
302A-0136A,0,0,0,0,0,1,0,20200307,20200307
302A-0237M,0,0,0,0,0,0,1,20200308,20200412
302A-027CT,1,1,1,1,0,0,0,20200309,20200330
302A-022CN,1,1,1,1,0,0,0,20200312,20200416
302A-0225N,0,0,0,0,1,0,0,20200313,20200417
302A-0136T,0,0,0,0,0,1,0,20200314,20200328
302A-0127T,0,0,0,0,0,0,1,20200329,20200329
302A-0346M,0,0,0,0,0,1,0,20200404,20200404
302A-0256P,0,0,0,0,0,1,0,20200411,20200502
302A-0237P,0,0,0,0,0,0,1,20200413,20200413
302A-0247V,0,0,0,0,0,0,1,20200419,20200426
302A-0256K,0,0,0,0,0,1,0,20200425,20200425
303-022CW,1,1,1,1,0,0,0,20200304,20200305
303-0225W,0,0,0,0,1,0,0,20200306,20200306
303-0236T,0,0,0,0,0,1,0,20200307,20200328
303-0227M,0,0,0,0,0,0,1,20200308,20200426
303-023CT,1,1,1,1,0,0,0,20200309,20200331
303-0235T,0,0,0,0,1,0,0,20200313,20200327
303-022CM,1,1,1,1,0,0,0,20200401,20200416
303-0225M,0,0,0,0,1,0,0,20200403,20200417
303-0236M,0,0,0,0,0,1,0,20200404,20200411
303-0236V,0,0,0,0,0,1,0,20200418,20200502
303-0225V,0,0,0,0,1,0,0,20200424,20200424
304-021CV,1,1,1,1,0,0,0,20200304,20200423
304-0215V,0,0,0,0,1,0,0,20200306,20200424
304-0216V,0,0,0,0,0,1,0,20200307,20200425
304-0147P,0,0,0,0,0,0,1,20200308,20200426
304-022CM,1,1,1,1,0,0,0,20200309,20200409
304-0225M,0,0,0,0,1,0,0,20200313,20200410
304-0156M,0,0,0,0,0,1,0,20200314,20200502
304-0137M,0,0,0,0,0,0,1,20200413,20200413
304-021CD,1,1,1,1,0,0,0,20200427,20200430
30B-010AM,1,1,1,1,1,0,0,20200304,20200430
31A-036AT,1,1,1,1,1,0,0,20200304,20200430
31A-0366T,0,0,0,0,0,1,0,20200307,20200502
31A-0367T,0,0,0,0,0,0,1,20200308,20200426
325-102AV,1,1,1,1,1,0,0,20200304,20200306
325-1536M,0,0,0,0,0,1,0,20200307,20200418
325-1537M,0,0,0,0,0,0,1,20200308,20200419
325-153AM,1,1,1,1,1,0,0,20200309,20200417
325-1536AD,1,1,1,1,1,0,0,20200425,20200502
325-1537AD,1,1,1,1,1,0,0,20200426,20200426
326-102AV,1,1,1,1,1,0,0,20200304,20200306
326-1536M,0,0,0,0,0,1,0,20200307,20200418
326-1537M,0,0,0,0,0,0,1,20200308,20200419
326-153AM,1,1,1,1,1,0,0,20200309,20200417
326-153AE,1,1,1,1,1,0,0,20200316,20200320
326-1536E,0,0,0,0,0,1,0,20200321,20200321
326-1536T,0,0,0,0,0,1,0,20200425,20200502
326-1537T,0,0,0,0,0,0,1,20200426,20200426
328A-0126M,0,0,0,0,0,1,0,20200307,20200328
328A-032AM,1,1,1,1,1,0,0,20200309,20200330
328A-0137M,0,0,0,0,0,0,1,20200329,20200329
32A-010AM,1,1,1,1,1,0,0,20200304,20200430
32A-9006M,0,0,0,0,0,1,0,20200307,20200502
32A-9007M,0,0,0,0,0,0,1,20200308,20200426
33A-022AV,1,1,1,1,1,0,0,20200304,20200430
33A-0276M,0,0,0,0,0,1,0,20200307,20200502
33A-0277M,0,0,0,0,0,0,1,20200308,20200426
33A-022AM,1,1,1,1,1,0,0,20200309,20200417
345A-0167M,0,0,0,0,0,0,1,20200426,20200426
34A-010AM,1,1,1,1,1,0,0,20200304,20200430
34A-0106M,0,0,0,0,0,1,0,20200307,20200502
34A-0107M,0,0,0,0,0,0,1,20200308,20200426
35A-043AV,1,1,1,1,1,0,0,20200304,20200430
35A-0436M,0,0,0,0,0,1,0,20200307,20200502
35A-0437M,0,0,0,0,0,0,1,20200308,20200426
35A-043AM,1,1,1,1,1,0,0,20200309,20200417
37A-084AV,1,1,1,1,1,0,0,20200304,20200306
37A-0846M,0,0,0,0,0,1,0,20200307,20200321
37A-0807M,0,0,0,0,0,0,1,20200308,20200322
37A-084AM,1,1,1,1,1,0,0,20200309,20200320
37A-084AT,1,1,1,1,1,0,0,20200323,20200417
37A-0846T,0,0,0,0,0,1,0,20200328,20200502
37A-0807T,0,0,0,0,0,0,1,20200329,20200426
37A-0807B,0,0,0,0,0,0,1,20200413,20200413
38A-073AT,1,1,1,1,1,0,0,20200304,20200430
38A-0726T,0,0,0,0,0,1,0,20200307,20200502
38A-0707T,0,0,0,0,0,0,1,20200308,20200426
39A-033AV,1,1,1,1,1,0,0,20200304,20200430
39A-0336M,0,0,0,0,0,1,0,20200307,20200502
39A-0337M,0,0,0,0,0,0,1,20200308,20200426
39A-033AM,1,1,1,1,1,0,0,20200309,20200417
3A-032AM,1,1,1,1,1,0,0,20200304,20200430
3A-0316M,0,0,0,0,0,1,0,20200307,20200502
3A-0317M,0,0,0,0,0,0,1,20200308,20200426
40A-036AW,1,1,1,1,1,0,0,20200304,20200306
40A-0286M,0,0,0,0,0,1,0,20200307,20200502
40A-0297M,0,0,0,0,0,0,1,20200308,20200426
40A-041AT,1,1,1,1,1,0,0,20200309,20200327
40A-045AM,1,1,1,1,1,0,0,20200330,20200417
43A-030AW,1,1,1,1,1,0,0,20200304,20200306
43A-0306T,0,0,0,0,0,1,0,20200307,20200328
43A-0207T,0,0,0,0,0,0,1,20200308,20200329
43A-030AT,1,1,1,1,1,0,0,20200309,20200327
43A-035AT,1,1,1,1,1,0,0,20200330,20200417
43A-0356T,0,0,0,0,0,1,0,20200404,20200502
43A-0357T,0,0,0,0,0,0,1,20200405,20200426
45A-021AM,1,1,1,1,1,0,0,20200304,20200306
45A-0206M,0,0,0,0,0,1,0,20200307,20200307
45A-0187M,0,0,0,0,0,0,1,20200308,20200308
45A-023AM,1,1,1,1,1,0,0,20200309,20200327
45A-0226M,0,0,0,0,0,1,0,20200314,20200328
45A-0207M,0,0,0,0,0,0,1,20200315,20200329
46A-033AV,1,1,1,1,1,0,0,20200304,20200306
46A-0336M,0,0,0,0,0,1,0,20200307,20200307
46A-0337M,0,0,0,0,0,0,1,20200308,20200308
46A-101AM,1,1,1,1,1,0,0,20200309,20200417
46A-1016M,0,0,0,0,0,1,0,20200314,20200502
46A-1017M,0,0,0,0,0,0,1,20200315,20200426
47A-003JM,1,1,1,1,1,1,0,20200304,20200502
47A-0037M,0,0,0,0,0,0,1,20200308,20200426
47A-003JT,1,1,1,1,1,1,0,20200309,20200327
47A-0037T,0,0,0,0,0,0,1,20200315,20200322
48B-002KM,1,1,1,1,1,1,1,20200304,20200502
49A-033AV,1,1,1,1,1,0,0,20200304,20200306
49A-0337M,0,0,0,0,0,0,1,20200308,20200308
49A-101AM,1,1,1,1,1,0,0,20200309,20200417
49A-1017M,0,0,0,0,0,0,1,20200315,20200426
4A-026AM,1,1,1,1,1,0,0,20200304,20200327
50A-0503M,0,0,1,0,0,0,0,20200304,20200429
50A-050DM,1,1,0,1,0,0,0,20200305,20200430
50A-0505M,0,0,0,0,1,0,0,20200306,20200424
50A-0486M,0,0,0,0,0,1,0,20200307,20200502
52A-041AM,1,1,1,1,1,0,0,20200304,20200430
52A-0316M,0,0,0,0,0,1,0,20200307,20200502
52A-0307M,0,0,0,0,0,0,1,20200308,20200426
52A-0317R,0,0,0,0,0,0,1,20200413,20200413
54A-039AV,1,1,1,1,1,0,0,20200304,20200430
54A-0396M,0,0,0,0,0,1,0,20200307,20200502
54A-0397M,0,0,0,0,0,0,1,20200308,20200426
54A-040BM,1,1,0,1,1,0,0,20200309,20200417
54A-0403M,0,0,1,0,0,0,0,20200311,20200415
55A-025AM,1,1,1,1,1,0,0,20200304,20200306
55A-0256M,0,0,0,0,0,1,0,20200307,20200307
55A-0257M,0,0,0,0,0,0,1,20200308,20200308
57A-034AV,1,1,1,1,1,0,0,20200304,20200430
57A-0356M,0,0,0,0,0,1,0,20200307,20200502
57A-0337M,0,0,0,0,0,0,1,20200308,20200426
57A-034AM,1,1,1,1,1,0,0,20200309,20200417
5A-025AV,1,1,1,1,1,0,0,20200304,20200430
5A-0256M,0,0,0,0,0,1,0,20200307,20200502
5A-0257M,0,0,0,0,0,0,1,20200308,20200426
5A-025AM,1,1,1,1,1,0,0,20200309,20200417
60A-047AV,1,1,1,1,1,0,0,20200304,20200430
60A-0466M,0,0,0,0,0,1,0,20200307,20200502
60A-0467M,0,0,0,0,0,0,1,20200308,20200426
60A-048AM,1,1,1,1,1,0,0,20200309,20200417
61B-011AM,1,1,1,1,1,0,0,20200304,20200306
61B-0116M,0,0,0,0,0,1,0,20200307,20200502
61B-0117M,0,0,0,0,0,0,1,20200308,20200426
61B-012AM,1,1,1,1,1,0,0,20200309,20200430
62A-074AW,1,1,1,1,1,0,0,20200304,20200430
62A-0746T,0,0,0,0,0,1,0,20200307,20200502
62A-0747T,0,0,0,0,0,0,1,20200308,20200426
62A-073BT,1,1,0,1,1,0,0,20200309,20200417
62A-0733T,0,0,1,0,0,0,0,20200311,20200415
63A-037AV,1,1,1,1,1,0,0,20200304,20200430
63A-0376M,0,0,0,0,0,1,0,20200307,20200502
63A-0377M,0,0,0,0,0,0,1,20200308,20200426
63A-037AM,1,1,1,1,1,0,0,20200309,20200417
64A-0123M,0,0,1,0,0,0,0,20200304,20200429
64A-012BM,1,1,0,1,1,0,0,20200305,20200430
65A-030AM,1,1,1,1,1,0,0,20200304,20200327
66A-030AM,1,1,1,1,1,0,0,20200304,20200327
66A-0306M,0,0,0,0,0,1,0,20200307,20200328
67A-605AV,1,1,1,1,1,0,0,20200304,20200304
67A-025AV,1,1,1,1,1,0,0,20200305,20200430
67A-0346M,0,0,0,0,0,1,0,20200307,20200502
67A-0257M,0,0,0,0,0,0,1,20200308,20200426
67A-030AM,1,1,1,1,1,0,0,20200309,20200417
67A-633AM,1,1,1,1,1,0,0,20200313,20200313
68B-040AW,1,1,1,1,1,0,0,20200304,20200306
68B-0406T,0,0,0,0,0,1,0,20200307,20200418
68B-0407T,0,0,0,0,0,0,1,20200308,20200419
68B-040AT,1,1,1,1,1,0,0,20200309,20200417
68B-0406M,0,0,0,0,0,1,0,20200425,20200502
68B-0407M,0,0,0,0,0,0,1,20200426,20200426
69A-024CM,1,1,1,1,0,0,0,20200304,20200430
69A-0245M,0,0,0,0,1,0,0,20200306,20200424
69A-0246M,0,0,0,0,0,1,0,20200307,20200502
69A-0247M,0,0,0,0,0,0,1,20200308,20200426
69A-0247N,0,0,0,0,0,0,1,20200413,20200413
6A-036AM,1,1,1,1,1,0,0,20200304,20200430
70A-064AV,1,1,1,1,1,0,0,20200304,20200430
70A-0646M,0,0,0,0,0,1,0,20200307,20200502
70A-0647M,0,0,0,0,0,0,1,20200308,20200426
70A-064AM,1,1,1,1,1,0,0,20200309,20200417
71A-038AM,1,1,1,1,1,0,0,20200304,20200430
71A-0306M,0,0,0,0,0,1,0,20200307,20200502
71A-0307M,0,0,0,0,0,0,1,20200308,20200426
72C-011AV,1,1,1,1,1,0,0,20200304,20200430
72C-0116M,0,0,0,0,0,1,0,20200307,20200502
72C-0117M,0,0,0,0,0,0,1,20200308,20200426
72C-011AM,1,1,1,1,1,0,0,20200309,20200417
73B-013AV,1,1,1,1,1,0,0,20200304,20200306
73B-0136M,0,0,0,0,0,1,0,20200307,20200328
73B-013AM,1,1,1,1,1,0,0,20200309,20200327
73B-102AT,1,1,1,1,1,0,0,20200330,20200417
73B-1006M,0,0,0,0,0,1,0,20200404,20200502
76A-031AT,1,1,1,1,1,0,0,20200304,20200417
77A-029AV,1,1,1,1,1,0,0,20200304,20200430
77A-0296M,0,0,0,0,0,1,0,20200307,20200502
77A-0297M,0,0,0,0,0,0,1,20200308,20200426
77A-029AM,1,1,1,1,1,0,0,20200309,20200417
78B-063AV,1,1,1,1,1,0,0,20200304,20200430
78B-0636M,0,0,0,0,0,1,0,20200307,20200502
78B-0637M,0,0,0,0,0,0,1,20200308,20200426
78B-063BM,1,1,0,1,1,0,0,20200309,20200417
78B-0633M,0,0,1,0,0,0,0,20200311,20200415
79A-022AM,1,1,1,1,1,0,0,20200304,20200430
79A-0226M,0,0,0,0,0,1,0,20200307,20200502
79A-0177M,0,0,0,0,0,0,1,20200308,20200426
7A-046CV,1,1,1,1,0,0,0,20200304,20200430
7A-0475V,0,0,0,0,1,0,0,20200306,20200424
7A-0416M,0,0,0,0,0,1,0,20200307,20200502
7A-0367M,0,0,0,0,0,0,1,20200308,20200426
7A-053CM,1,1,1,1,0,0,0,20200309,20200416
7A-0645M,0,0,0,0,1,0,0,20200313,20200417
7A-0367N,0,0,0,0,0,0,1,20200413,20200413
80A-062AV,1,1,1,1,1,0,0,20200304,20200430
80A-0626M,0,0,0,0,0,1,0,20200307,20200502
80A-0657M,0,0,0,0,0,0,1,20200308,20200426
80A-062BM,1,1,0,1,1,0,0,20200309,20200417
80A-0623M,0,0,1,0,0,0,0,20200311,20200415
81A-061AV,1,1,1,1,1,0,0,20200304,20200430
81A-0616M,0,0,0,0,0,1,0,20200307,20200502
81A-0667M,0,0,0,0,0,0,1,20200308,20200426
81A-062DM,1,1,0,1,0,0,0,20200309,20200416
81A-0613M,0,0,1,0,0,0,0,20200311,20200415
81A-0615M,0,0,0,0,1,0,0,20200313,20200417
83A-016KM,1,1,1,1,1,1,1,20200404,20200502
83A-016AV,1,1,1,1,1,0,0,20200406,20200417
84A-030AV,1,1,1,1,1,0,0,20200304,20200430
84A-0306V,0,0,0,0,0,1,0,20200307,20200502
84A-030BM,1,1,0,1,1,0,0,20200309,20200417
84A-0303M,0,0,1,0,0,0,0,20200311,20200415
84A-0306M,0,0,0,0,0,1,0,20200314,20200418
85A-606AV,1,1,1,1,1,0,0,20200304,20200304
85A-033AV,1,1,1,1,1,0,0,20200305,20200430
85A-0326M,0,0,0,0,0,1,0,20200307,20200502
85A-0327M,0,0,0,0,0,0,1,20200308,20200426
85A-041AM,1,1,1,1,1,0,0,20200309,20200417
85A-633AM,1,1,1,1,1,0,0,20200313,20200313
86A-025AV,1,1,1,1,1,0,0,20200304,20200430
86A-0266M,0,0,0,0,0,1,0,20200307,20200502
86A-0267M,0,0,0,0,0,0,1,20200308,20200426
86A-031AM,1,1,1,1,1,0,0,20200309,20200417
87A-029AW,1,1,1,1,1,0,0,20200304,20200430
87A-0296T,0,0,0,0,0,1,0,20200307,20200502
87A-029AT,1,1,1,1,1,0,0,20200309,20200417
88B-035AM,1,1,1,1,1,0,0,20200304,20200306
88B-0356M,0,0,0,0,0,1,0,20200307,20200307
88B-0357M,0,0,0,0,0,0,1,20200308,20200308
88B-038AR,1,1,1,1,1,0,0,20200309,20200417
88B-0366M,0,0,0,0,0,1,0,20200314,20200502
88B-0367M,0,0,0,0,0,0,1,20200315,20200426
89B-020CV,1,1,1,1,0,0,0,20200304,20200305
89B-0205V,0,0,0,0,1,0,0,20200306,20200306
89B-0206M,0,0,0,0,0,1,0,20200307,20200328
89B-0207M,0,0,0,0,0,0,1,20200308,20200329
89B-020CM,1,1,1,1,0,0,0,20200309,20200326
89B-0205M,0,0,0,0,1,0,0,20200313,20200327
89B-021CM,1,1,1,1,0,0,0,20200330,20200416
89B-0215M,0,0,0,0,1,0,0,20200403,20200417
89B-0216M,0,0,0,0,0,1,0,20200404,20200502
89B-0217M,0,0,0,0,0,0,1,20200405,20200426
89B-0215V,0,0,0,0,1,0,0,20200424,20200424
8A-035AV,1,1,1,1,1,0,0,20200304,20200306
8A-0356M,0,0,0,0,0,1,0,20200307,20200307
8A-0357M,0,0,0,0,0,0,1,20200308,20200308
90A-037AM,1,1,1,1,1,0,0,20200304,20200306
90A-0376M,0,0,0,0,0,1,0,20200307,20200307
90A-0427M,0,0,0,0,0,0,1,20200308,20200308
90A-039AM,1,1,1,1,1,0,0,20200309,20200327
90A-0396M,0,0,0,0,0,1,0,20200314,20200328
90A-0447M,0,0,0,0,0,0,1,20200315,20200329
93A-045AV,1,1,1,1,1,0,0,20200304,20200306
93A-0446M,0,0,0,0,0,1,0,20200307,20200307
93A-0447M,0,0,0,0,0,0,1,20200308,20200308
93A-050AM,1,1,1,1,1,0,0,20200309,20200417
93A-0506M,0,0,0,0,0,1,0,20200314,20200502
93A-0507M,0,0,0,0,0,0,1,20200315,20200426
95A-032AV,1,1,1,1,1,0,0,20200304,20200430
95A-0316M,0,0,0,0,0,1,0,20200307,20200502
95A-0317M,0,0,0,0,0,0,1,20200308,20200426
95A-032AM,1,1,1,1,1,0,0,20200309,20200417
96A-050AV,1,1,1,1,1,0,0,20200304,20200430
96A-0496M,0,0,0,0,0,1,0,20200307,20200502
96A-050BM,1,1,0,1,1,0,0,20200309,20200417
96A-0503M,0,0,1,0,0,0,0,20200311,20200415
97A-037AV,1,1,1,1,1,0,0,20200304,20200430
97A-0376M,0,0,0,0,0,1,0,20200307,20200502
97A-037BM,1,1,0,1,1,0,0,20200309,20200417
97A-0373M,0,0,1,0,0,0,0,20200311,20200415
98B-025AV,1,1,1,1,1,0,0,20200304,20200306
98B-0256M,0,0,0,0,0,1,0,20200307,20200328
98B-0257M,0,0,0,0,0,0,1,20200308,20200329
98B-025AM,1,1,1,1,1,0,0,20200309,20200327
9A-051AV,1,1,1,1,1,0,0,20200304,20200430
9A-0516M,0,0,0,0,0,1,0,20200307,20200502
9A-0517M,0,0,0,0,0,0,1,20200308,20200426
9A-051AM,1,1,1,1,1,0,0,20200309,20200417
C10A-600AK,1,1,1,1,1,0,0,20200304,20200304
C10A-043AV,1,1,1,1,1,0,0,20200305,20200430
C10A-0426M,0,0,0,0,0,1,0,20200307,20200502
C10A-0427M,0,0,0,0,0,0,1,20200308,20200426
C10A-043AM,1,1,1,1,1,0,0,20200309,20200417
C11A-034AV,1,1,1,1,1,0,0,20200304,20200430
C11A-0256M,0,0,0,0,0,1,0,20200307,20200502
C11A-0257M,0,0,0,0,0,0,1,20200308,20200426
C11A-025AM,1,1,1,1,1,0,0,20200309,20200417
C12A-070AV,1,1,1,1,1,0,0,20200304,20200430
C12A-0676M,0,0,0,0,0,1,0,20200307,20200502
C12A-0677M,0,0,0,0,0,0,1,20200308,20200426
C12A-070AM,1,1,1,1,1,0,0,20200309,20200417
C13A-072AW,1,1,1,1,1,0,0,20200304,20200430
C13A-0706T,0,0,0,0,0,1,0,20200307,20200502
C13A-0687T,0,0,0,0,0,0,1,20200308,20200426
C13A-072BT,1,1,0,1,1,0,0,20200309,20200417
C13A-0723T,0,0,1,0,0,0,0,20200311,20200415
C14A-053AW,1,1,1,1,1,0,0,20200304,20200306
C14A-0536T,0,0,0,0,0,1,0,20200307,20200307
C14A-0537T,0,0,0,0,0,0,1,20200308,20200308
C14A-053AT,1,1,1,1,1,0,0,20200309,20200417
C14A-0546T,0,0,0,0,0,1,0,20200314,20200502
C14A-0547T,0,0,0,0,0,0,1,20200315,20200426
C15A-602AN,1,1,1,1,1,0,0,20200304,20200304
C15A-062AM,1,1,1,1,1,0,0,20200305,20200306
C15A-0456M,0,0,0,0,0,1,0,20200307,20200307
C15A-0497M,0,0,0,0,0,0,1,20200308,20200308
C15A-063AM,1,1,1,1,1,0,0,20200309,20200430
C15A-0466M,0,0,0,0,0,1,0,20200314,20200502
C15A-0507M,0,0,0,0,0,0,1,20200315,20200426
C15E-012AN,1,1,1,1,1,0,0,20200309,20200417
C16A-057AV,1,1,1,1,1,0,0,20200304,20200306
C16A-0586M,0,0,0,0,0,1,0,20200307,20200307
C16A-0577M,0,0,0,0,0,0,1,20200308,20200308
C16A-059AM,1,1,1,1,1,0,0,20200309,20200417
C16A-0596M,0,0,0,0,0,1,0,20200314,20200502
C16A-0597M,0,0,0,0,0,0,1,20200315,20200426
C17A-054AV,1,1,1,1,1,0,0,20200304,20200430
C17A-0546M,0,0,0,0,0,1,0,20200307,20200502
C17A-0547M,0,0,0,0,0,0,1,20200308,20200426
C17A-054AM,1,1,1,1,1,0,0,20200309,20200417
C17A-0547N,0,0,0,0,0,0,1,20200413,20200413
C18A-034AV,1,1,1,1,1,0,0,20200304,20200430
C18A-0346M,0,0,0,0,0,1,0,20200307,20200502
C18A-0347M,0,0,0,0,0,0,1,20200308,20200426
C18A-034BM,1,1,0,1,1,0,0,20200309,20200417
C18A-0343M,0,0,1,0,0,0,0,20200311,20200415
C19A-031AV,1,1,1,1,1,0,0,20200304,20200306
C19A-0336M,0,0,0,0,0,1,0,20200307,20200307
C19A-0337M,0,0,0,0,0,0,1,20200308,20200308
C19A-102BM,1,1,0,1,1,0,0,20200309,20200417
C19A-1023M,0,0,1,0,0,0,0,20200311,20200415
C19A-1026M,0,0,0,0,0,1,0,20200314,20200502
C19A-1027M,0,0,0,0,0,0,1,20200315,20200426
C1A-034AAI,1,1,1,1,1,0,0,20200304,20200306
C1A-0346B,0,0,0,0,0,1,0,20200307,20200314
C1A-0347B,0,0,0,0,0,0,1,20200308,20200315
C1A-034AB,1,1,1,1,1,0,0,20200309,20200313
C1A-034AT,1,1,1,1,1,0,0,20200316,20200417
C1A-0346T,0,0,0,0,0,1,0,20200321,20200502
C1A-0347T,0,0,0,0,0,0,1,20200322,20200426
C20B-016AV,1,1,1,1,1,0,0,20200304,20200306
C20B-0166M,0,0,0,0,0,1,0,20200307,20200307
C20B-0167M,0,0,0,0,0,0,1,20200308,20200308
C20B-101BM,1,1,0,1,1,0,0,20200309,20200417
C20B-1013M,0,0,1,0,0,0,0,20200311,20200415
C20B-1016M,0,0,0,0,0,1,0,20200314,20200502
C20B-1017M,0,0,0,0,0,0,1,20200315,20200426
C21A-033AV,1,1,1,1,1,0,0,20200304,20200306
C21A-0336M,0,0,0,0,0,1,0,20200307,20200307
C21A-0337M,0,0,0,0,0,0,1,20200308,20200308
C21A-101AM,1,1,1,1,1,0,0,20200309,20200417
C21A-1016M,0,0,0,0,0,1,0,20200314,20200502
C21A-1017M,0,0,0,0,0,0,1,20200315,20200426
C24C-013AV,1,1,1,1,1,0,0,20200304,20200306
C24C-0136M,0,0,0,0,0,1,0,20200307,20200328
C24C-0137M,0,0,0,0,0,0,1,20200308,20200329
C24C-013AM,1,1,1,1,1,0,0,20200309,20200327
C24C-100AM,1,1,1,1,1,0,0,20200330,20200417
C24C-1006M,0,0,0,0,0,1,0,20200404,20200502
C24C-1007M,0,0,0,0,0,0,1,20200405,20200426
C25B-025AM,1,1,1,1,1,0,0,20200304,20200430
C25B-0256M,0,0,0,0,0,1,0,20200307,20200502
C25B-0247M,0,0,0,0,0,0,1,20200308,20200426
C26A-056AV,1,1,1,1,1,0,0,20200304,20200430
C26A-0566M,0,0,0,0,0,1,0,20200307,20200502
C26A-0567M,0,0,0,0,0,0,1,20200308,20200426
C26A-056AM,1,1,1,1,1,0,0,20200309,20200417
C2A-043AW,1,1,1,1,1,0,0,20200304,20200430
C2A-0436T,0,0,0,0,0,1,0,20200307,20200502
C2A-0437T,0,0,0,0,0,0,1,20200308,20200426
C2A-051AT,1,1,1,1,1,0,0,20200309,20200417
C3A-093AAH,1,1,1,1,1,0,0,20200304,20200306
C3A-0486M,0,0,0,0,0,1,0,20200307,20200502
C3A-0567M,0,0,0,0,0,0,1,20200308,20200426
C3A-063AM,1,1,1,1,1,0,0,20200309,20200417
C3A-0577N,0,0,0,0,0,0,1,20200413,20200413
C4A-025AM,1,1,1,1,1,0,0,20200304,20200430
C4A-0256M,0,0,0,0,0,1,0,20200307,20200502
C4A-0257M,0,0,0,0,0,0,1,20200308,20200426
C5A-043AV,1,1,1,1,1,0,0,20200304,20200430
C5A-0436M,0,0,0,0,0,1,0,20200307,20200502
C5A-0437M,0,0,0,0,0,0,1,20200308,20200426
C5A-043AM,1,1,1,1,1,0,0,20200309,20200417
C6B-026AM,1,1,1,1,1,0,0,20200304,20200327
C6B-0266M,0,0,0,0,0,1,0,20200307,20200328
C6B-0267M,0,0,0,0,0,0,1,20200308,20200329
C7B-0203W,0,0,1,0,0,0,0,20200304,20200304
C7B-020BW,1,1,0,1,1,0,0,20200305,20200306
C7B-0216T,0,0,0,0,0,1,0,20200307,20200307
C7B-0217T,0,0,0,0,0,0,1,20200308,20200308
C7B-022BT,1,1,0,1,1,0,0,20200309,20200417
C7B-0223T,0,0,1,0,0,0,0,20200311,20200415
C7B-0226T,0,0,0,0,0,1,0,20200314,20200502
C7B-0227T,0,0,0,0,0,0,1,20200315,20200426
C7B-0223W,0,0,1,0,0,0,0,20200422,20200429
C8A-036AV,1,1,1,1,1,0,0,20200304,20200306
C8A-0366M,0,0,0,0,0,1,0,20200307,20200321
C8A-0367M,0,0,0,0,0,0,1,20200308,20200322
C8A-036AM,1,1,1,1,1,0,0,20200309,20200320
C8A-036AT,1,1,1,1,1,0,0,20200323,20200417
C8A-0366T,0,0,0,0,0,1,0,20200328,20200502
C8A-0367T,0,0,0,0,0,0,1,20200329,20200426
C8A-0367B,0,0,0,0,0,0,1,20200413,20200413
C9A-042AW,1,1,1,1,1,0,0,20200304,20200430
C9A-0446T,0,0,0,0,0,1,0,20200307,20200502
C9A-0347T,0,0,0,0,0,0,1,20200308,20200426
C9A-043AT,1,1,1,1,1,0,0,20200309,20200417
GE2A-050AM,1,1,1,1,1,0,0,20200304,20200430
GE4A-019AM,1,1,1,1,1,0,0,20200304,20200430
GE6A-0233M,0,0,1,0,0,0,0,20200304,20200429
GE6A-023BM,1,1,0,1,1,0,0,20200305,20200430
NAV1-012AN,1,1,1,1,1,0,0,20200304,20200313
NAV1-011AM,1,1,1,1,1,0,0,20200305,20200430
NAV1-0116M,0,0,0,0,0,1,0,20200307,20200502
PL1A-022KM,1,1,1,1,1,1,1,20200306,20200502
PL2A-028KM,1,1,1,1,1,1,1,20200306,20200502
PL3A-017KM,1,1,1,1,1,1,1,20200306,20200502
PL4A-020KM,1,1,1,1,1,1,1,20200307,20200502
R2A-017AM,1,1,1,1,1,0,0,20200304,20200430
R3A-0163M,0,0,1,0,0,0,0,20200304,20200429
R3A-016BM,1,1,0,1,1,0,0,20200305,20200430
S10A-034JV,1,1,1,1,1,1,0,20200304,20200502
S10A-034JM,1,1,1,1,1,1,0,20200309,20200418
S11A-035AM,1,1,1,1,1,0,0,20200304,20200430
S12A-024AM,1,1,1,1,1,0,0,20200304,20200430
S14A-027AM,1,1,1,1,1,0,0,20200304,20200430
S15A-023SM,0,1,1,1,1,1,0,20200304,20200502
S16A-003AM,1,1,1,1,1,0,0,20200304,20200430
S1A-047AT,1,1,1,1,1,0,0,20200304,20200318
S1A-0466T,0,0,0,0,0,1,0,20200307,20200314
S1A-0477T,0,0,0,0,0,0,1,20200308,20200315
S1A-047AM,1,1,1,1,1,0,0,20200319,20200430
S1A-0466M,0,0,0,0,0,1,0,20200321,20200502
S1A-0477M,0,0,0,0,0,0,1,20200322,20200426
S2A-0173M,0,0,1,0,0,0,0,20200304,20200429
S2A-017BM,1,1,0,1,1,0,0,20200305,20200430
S3B-012AM,1,1,1,1,1,0,0,20200304,20200430
S4A-022JM,1,1,1,1,1,1,0,20200304,20200502
S4A-0227M,0,0,0,0,0,0,1,20200308,20200426
S5A-025AV,1,1,1,1,1,0,0,20200304,20200430
S5A-0256M,0,0,0,0,0,1,0,20200307,20200502
S5A-0257M,0,0,0,0,0,0,1,20200308,20200426
S5A-027AM,1,1,1,1,1,0,0,20200309,20200417
S6A-025AV,1,1,1,1,1,0,0,20200304,20200430
S6A-0256M,0,0,0,0,0,1,0,20200307,20200502
S6A-0257M,0,0,0,0,0,0,1,20200308,20200426
S6A-025AM,1,1,1,1,1,0,0,20200309,20200417
S7A-016AM,1,1,1,1,1,0,0,20200304,20200430
S8A-111AV,1,1,1,1,1,0,0,20200304,20200430
S8A-1116M,0,0,0,0,0,1,0,20200307,20200502
S8A-112AM,1,1,1,1,1,0,0,20200309,20200417
S9A-032CV,1,1,1,1,0,0,0,20200304,20200430
S9A-0325V,0,0,0,0,1,0,0,20200306,20200424
S9A-032CM,1,1,1,1,0,0,0,20200309,20200416
S9A-0325M,0,0,0,0,1,0,0,20200313,20200417
T1A-050AM,1,1,1,1,1,0,0,20200304,20200430
T1A-0706M,0,0,0,0,0,1,0,20200307,20200502
T1A-0707M,0,0,0,0,0,0,1,20200308,20200426
T1A-0707R,0,0,0,0,0,0,1,20200413,20200413
T1A-0506V,0,0,0,0,0,1,0,20200425,20200425
T2-230AM,1,1,1,1,1,0,0,20200304,20200430
T2-1706M,0,0,0,0,0,1,0,20200307,20200502
T2-1707M,0,0,0,0,0,0,1,20200308,20200426
T3-610AV,1,1,1,1,1,0,0,20200304,20200304
T3-031AV,1,1,1,1,1,0,0,20200305,20200430
T3-0916M,0,0,0,0,0,1,0,20200307,20200502
T3-0917M,0,0,0,0,0,0,1,20200308,20200426
T3-091AM,1,1,1,1,1,0,0,20200309,20200417
T4A-603AV,1,1,1,1,1,0,0,20200304,20200304
T4A-073AV,1,1,1,1,1,0,0,20200305,20200430
T4A-0836M,0,0,0,0,0,1,0,20200307,20200502
T4A-0837M,0,0,0,0,0,0,1,20200308,20200426
T4A-092AM,1,1,1,1,1,0,0,20200309,20200417
T5-621AM,1,1,1,1,1,0,0,20200304,20200304
T5-035AM,1,1,1,1,1,0,0,20200305,20200430
T5-056AP,1,1,1,1,1,0,0,20200306,20200311
T5-0446P,0,0,0,0,0,1,0,20200307,20200307
T5-0327P,0,0,0,0,0,0,1,20200308,20200413
T5-0246M,0,0,0,0,0,1,0,20200314,20200425
T5-0267M,0,0,0,0,0,0,1,20200315,20200426
T5-023AD,1,1,1,1,1,0,0,20200320,20200327
T5-0326F,0,0,0,0,0,1,0,20200321,20200328
T5-0237F,0,0,0,0,0,0,1,20200322,20200329
T5-036AF,1,1,1,1,1,0,0,20200323,20200330
T5-0426AA,1,1,1,1,1,0,0,20200404,20200404
T5-0417AA,1,1,1,1,1,0,0,20200405,20200405
T5-033AN,1,1,1,1,1,0,0,20200410,20200410
T5-0346N,0,0,0,0,0,1,0,20200411,20200502
T5-0327N,0,0,0,0,0,0,1,20200412,20200412
T6-030AV,1,1,1,1,1,0,0,20200304,20200430
T6-0306M,0,0,0,0,0,1,0,20200307,20200502
T6-0307M,0,0,0,0,0,0,1,20200308,20200426
T6-030AM,1,1,1,1,1,0,0,20200309,20200417
ZI1A-065AM,1,1,1,1,1,0,0,20200304,20200430
ZI2A-023AM,1,1,1,1,1,0,0,20200304,20200430
ZI3A-022CM,1,1,1,1,0,0,0,20200304,20200430
ZI3A-0225M,0,0,0,0,1,0,0,20200306,20200424
ZI4A-034AV,1,1,1,1,1,0,0,20200304,20200430
ZI4A-034AM,1,1,1,1,1,0,0,20200309,20200417
ZI5B-069AM,1,1,1,1,1,0,0,20200304,20200430
ZI7A-012AM,1,1,1,1,1,0,0,20200304,20200430
ZI8A-012AV,1,1,1,1,1,0,0,20200304,20200430
ZI8A-013AM,1,1,1,1,1,0,0,20200309,20200417
