from_stop_id,to_stop_id,transfer_type,min_transfer_time
1,2,2,120
3,6,2,120
3,5,2,120
3,10526,2,120
5,10526,2,120
5,6,2,120
6,10526,2,120
15,16,2,120
15,10941,2,120
15,30187,2,240
15,30188,2,240
16,30188,2,240
16,30187,2,240
16,10941,2,120
18,19,2,120
20,21,2,120
24,25,2,120
29,30,2,120
33,34,2,120
39,40,2,120
50,51,2,180
54,55,2,120
65,66,2,120
70,71,2,120
75,76,2,120
77,78,2,120
80,81,2,120
88,89,2,120
90,91,2,120
90,10169,2,120
91,10169,2,120
92,93,2,120
94,95,2,120
96,97,2,120
98,99,2,120
106,32152,2,60
106,32153,2,60
108,109,2,120
110,111,2,120
116,117,2,120
122,123,2,120
124,125,2,120
128,129,2,120
130,131,2,120
130,134,2,120
131,134,2,120
140,30028,2,120
142,143,2,120
159,10429,2,180
159,10920,2,180
159,30103,2,300
159,30201,2,300
159,30202,2,300
159,12289,2,360
159,166,2,360
159,30008,2,360
159,10508,2,360
159,30005,2,360
159,30510,2,360
159,30511,2,360
166,30511,2,180
166,30510,2,180
166,12289,2,180
166,30005,2,120
166,10508,2,120
166,30008,2,120
166,10920,2,360
166,30103,2,180
166,10429,2,360
166,30202,2,180
166,30201,2,180
179,180,2,120
183,185,2,120
190,11528,2,120
191,192,2,120
195,196,2,120
198,10590,2,120
199,200,2,120
202,203,2,120
204,205,2,120
209,210,2,120
211,212,2,120
213,214,2,120
215,216,2,120
219,220,2,120
221,222,2,120
223,224,2,120
239,240,2,120
241,242,2,120
244,45418,2,180
244,45419,2,180
250,30683,2,120
255,10150,2,120
256,32165,2,180
256,11713,2,120
256,32164,2,180
266,267,2,120
268,10239,2,120
268,269,2,120
269,10239,2,120
276,281,2,180
276,46022,2,180
276,46023,2,180
281,46023,2,180
281,46022,2,180
285,286,2,120
289,290,2,120
295,296,2,120
306,307,2,120
310,11390,2,120
311,312,2,120
313,314,2,120
315,316,2,120
317,318,2,120
319,320,2,120
321,322,2,120
323,30397,2,120
323,10942,2,120
323,325,2,120
325,30397,2,120
325,10942,2,120
326,327,2,120
328,329,2,120
333,334,2,120
333,10999,2,120
333,10964,2,120
334,10999,2,120
334,10964,2,120
335,336,2,120
337,338,2,120
339,340,2,120
341,342,2,120
351,10568,2,120
351,11223,2,120
353,354,2,120
355,356,2,120
359,360,2,120
361,12264,2,120
363,364,2,120
365,366,2,120
367,368,2,120
372,373,2,120
374,375,2,120
378,379,2,120
385,386,2,120
387,10792,2,120
389,390,2,120
391,392,2,120
393,394,2,120
395,396,2,120
397,398,2,120
399,400,2,120
401,30518,2,120
404,405,2,120
404,30239,2,120
405,30239,2,120
410,411,2,120
412,10393,2,120
412,10394,2,120
412,413,2,120
413,10394,2,120
413,10393,2,120
425,426,2,120
427,428,2,120
434,42740,2,180
434,46055,2,180
434,435,2,180
434,30472,2,300
434,11810,2,180
435,42740,2,180
435,11810,2,180
435,46055,2,180
435,30472,2,300
440,441,2,120
451,452,2,120
453,454,2,120
459,460,2,120
461,462,2,120
463,464,2,120
466,10906,2,120
473,474,2,120
475,476,2,120
478,479,2,120
482,484,2,120
482,483,2,120
483,484,2,120
490,491,2,120
493,3331,2,120
497,498,2,120
501,502,2,120
508,509,2,120
515,516,2,120
519,520,2,120
521,522,2,120
524,525,2,120
528,30563,2,120
529,530,2,120
531,532,2,120
533,534,2,120
539,540,2,120
546,32131,2,240
546,547,2,120
546,32130,2,240
547,32130,2,240
547,32131,2,240
550,551,2,120
552,10437,2,120
553,554,2,120
555,3427,2,120
555,556,2,120
555,3426,2,120
556,3426,2,120
556,3427,2,120
559,560,2,120
561,562,2,120
563,564,2,180
563,12280,2,180
564,12280,2,180
566,567,2,120
572,573,2,120
574,575,2,120
576,577,2,120
579,581,2,120
583,584,2,120
586,587,2,120
586,31864,2,120
586,32130,2,60
586,32131,2,60
587,32131,2,60
587,32130,2,60
587,31864,2,120
588,589,2,120
592,593,2,120
599,10945,2,120
599,42744,2,180
599,46050,2,180
611,612,2,120
619,620,2,120
621,622,2,120
623,624,2,120
625,626,2,120
631,632,2,120
635,636,2,120
639,640,2,120
641,642,2,120
643,2369,2,240
643,644,2,120
643,11544,2,240
643,11058,2,240
643,2364,2,240
643,2367,2,240
643,30225,2,240
644,2367,2,240
644,2369,2,240
644,11058,2,240
644,11544,2,240
644,2364,2,240
644,30225,2,240
647,648,2,120
655,10007,2,120
655,10006,2,120
655,656,2,120
656,10007,2,120
656,10006,2,120
657,658,2,120
659,660,2,120
663,664,2,120
669,670,2,120
675,676,2,120
687,688,2,120
693,694,2,120
695,11838,2,120
695,11839,2,120
695,696,2,120
696,11839,2,120
696,11838,2,120
698,10591,2,120
699,700,2,120
701,702,2,120
707,708,2,120
709,710,2,120
714,10289,2,120
716,717,2,120
720,725,2,120
720,721,2,120
720,726,2,120
721,725,2,120
721,726,2,120
725,726,2,120
751,752,2,120
759,760,2,120
763,764,2,120
770,771,2,120
772,773,2,120
772,30391,2,120
773,30391,2,120
778,779,2,120
788,789,2,120
801,10502,2,120
801,10501,2,120
805,806,2,120
805,808,2,120
805,807,2,120
806,807,2,120
806,808,2,120
807,808,2,120
813,814,2,120
815,816,2,120
817,818,2,120
823,824,2,120
828,829,2,120
832,833,2,120
834,11006,2,120
834,836,2,120
834,30256,2,120
834,835,2,120
835,836,2,120
835,11006,2,120
835,30256,2,120
836,11006,2,120
836,30256,2,120
839,840,2,120
842,843,2,120
844,845,2,120
846,847,2,120
848,849,2,300
848,10248,2,120
848,10247,2,120
848,10304,2,300
848,11222,2,120
849,10304,2,120
849,11222,2,120
849,10247,2,120
849,10248,2,120
853,856,2,120
853,854,2,120
854,856,2,120
873,874,2,120
885,886,2,120
887,12279,2,120
897,898,2,120
899,900,2,120
899,902,2,120
899,901,2,120
900,901,2,120
900,902,2,120
901,902,2,120
903,904,2,120
907,908,2,120
910,911,2,120
912,913,2,120
919,920,2,120
925,926,2,120
930,46053,2,180
930,42742,2,180
930,931,2,120
931,46053,2,180
931,42742,2,180
932,933,2,120
942,943,2,120
944,32168,2,180
944,32169,2,180
954,955,2,120
962,963,2,120
976,977,2,120
980,981,2,120
984,985,2,120
989,990,2,120
999,1000,2,120
1001,1002,2,120
1007,1008,2,120
1010,30209,2,240
1010,30210,2,240
1010,12120,2,120
1010,12275,2,120
1010,12273,2,120
1010,12266,2,120
1010,12265,2,120
1010,30070,2,120
1010,12272,2,120
1010,30137,2,120
1010,30136,2,120
1010,30093,2,120
1010,1012,2,120
1010,12045,2,120
1012,12120,2,120
1012,12275,2,120
1012,12273,2,120
1012,12266,2,120
1012,12265,2,120
1012,30070,2,120
1012,12272,2,120
1012,30137,2,120
1012,30136,2,120
1012,30093,2,120
1012,12045,2,120
1012,30209,2,240
1012,30210,2,240
1015,30446,2,180
1015,30445,2,180
1015,11444,2,120
1018,1019,2,120
1021,1022,2,120
1024,1025,2,120
1026,1027,2,120
1038,1039,2,120
1040,1041,2,120
1042,1043,2,120
1044,1045,2,120
1059,3434,2,120
1059,1061,2,120
1059,10292,2,120
1059,10332,2,120
1059,10567,2,120
1059,30575,2,120
1059,30574,2,120
1059,30507,2,120
1059,10252,2,120
1059,10566,2,120
1059,30579,2,120
1059,30206,2,240
1059,30205,2,240
1061,3434,2,120
1061,10292,2,120
1061,10332,2,120
1061,10567,2,120
1061,30575,2,120
1061,30574,2,120
1061,30507,2,120
1061,10252,2,120
1061,10566,2,120
1061,30579,2,120
1061,30206,2,240
1061,30205,2,240
1062,1063,2,120
1064,1065,2,120
1064,3316,2,120
1064,3317,2,120
1065,3317,2,120
1065,3316,2,120
1066,1067,2,120
1068,1069,2,120
1070,1072,2,120
1070,1071,2,120
1071,1072,2,120
1076,1077,2,120
1084,1085,2,120
1086,30189,2,240
1086,11014,2,120
1086,30190,2,240
1086,1091,2,120
1086,1089,2,120
1086,1095,2,120
1086,32157,2,180
1086,32156,2,180
1087,32157,2,180
1087,30190,2,240
1087,30189,2,240
1087,32156,2,180
1089,32157,2,180
1089,30189,2,240
1089,32156,2,180
1089,1095,2,120
1089,30190,2,240
1089,11014,2,120
1089,1091,2,120
1091,32157,2,180
1091,30190,2,240
1091,1095,2,120
1091,11014,2,120
1091,30189,2,240
1091,32156,2,180
1095,32157,2,180
1095,32156,2,180
1095,11014,2,120
1095,30189,2,240
1095,30190,2,240
1098,1099,2,120
1100,1101,2,120
1102,1103,2,120
1102,30398,2,120
1103,30398,2,120
1105,1106,2,120
1105,11920,2,120
1106,11920,2,120
1112,1113,2,120
1114,1115,2,120
1120,1121,2,120
1120,1122,2,120
1120,32114,2,120
1120,32115,2,120
1120,46027,2,180
1120,46026,2,180
1121,46026,2,180
1121,32115,2,120
1121,1122,2,120
1121,46027,2,180
1121,32114,2,120
1122,46027,2,180
1122,46026,2,180
1122,32114,2,120
1122,32115,2,120
1125,1126,2,120
1131,1132,2,120
1133,1134,2,120
1137,1138,2,120
1141,1142,2,120
1153,1154,2,120
1155,1156,2,120
1157,1158,2,120
1159,1160,2,120
1161,1162,2,120
1178,1179,2,120
1180,31904,2,120
1180,31905,2,120
1189,1191,2,240
1189,42743,2,120
1189,1198,2,180
1189,3503,2,180
1189,11529,2,180
1189,30156,2,120
1189,46052,2,120
1189,46303,2,120
1189,1192,2,240
1189,30173,2,120
1189,1190,2,120
1190,1198,2,180
1190,3503,2,180
1190,11529,2,180
1190,30173,2,120
1190,1192,2,240
1190,46303,2,120
1190,46052,2,120
1190,42743,2,120
1190,30156,2,120
1190,1191,2,240
1191,30173,2,240
1191,11529,2,180
1191,3503,2,300
1191,1198,2,300
1191,46303,2,300
1191,42743,2,240
1191,46052,2,240
1191,1192,2,180
1191,30156,2,240
1192,30173,2,240
1192,11529,2,180
1192,3503,2,300
1192,1198,2,300
1192,30156,2,240
1192,42743,2,240
1192,46303,2,300
1192,46052,2,240
1198,46303,2,60
1198,46052,2,180
1198,42743,2,180
1198,30156,2,180
1198,3503,2,180
1198,11529,2,180
1198,30173,2,180
1206,2886,2,240
1206,2885,2,240
1206,12005,2,240
1206,30566,2,240
1206,1207,2,120
1207,12005,2,240
1207,2885,2,240
1207,2886,2,240
1207,30566,2,240
1208,1209,2,120
1210,1211,2,120
1212,1213,2,120
1218,1219,2,120
1221,11972,2,120
1223,1224,2,120
1235,1236,2,120
1237,1238,2,120
1248,32143,2,180
1248,32142,2,180
1248,1253,2,120
1248,46028,2,180
1248,1252,2,120
1248,46029,2,180
1248,12314,2,120
1252,12314,2,120
1252,32143,2,180
1252,32142,2,180
1252,1253,2,120
1252,46028,2,180
1252,46029,2,180
1253,46028,2,180
1253,46029,2,180
1253,12314,2,120
1253,32142,2,180
1253,32143,2,180
1264,1265,2,120
1266,10861,2,120
1268,1269,2,120
1273,1274,2,120
1275,1276,2,120
1283,1284,2,120
1289,1290,2,120
1293,1294,2,120
1293,11268,2,120
1294,11268,2,120
1295,1296,2,120
1298,11415,2,120
1303,1304,2,120
1305,1306,2,120
1314,1315,2,120
1316,1317,2,120
1320,1321,2,120
1327,1328,2,120
1331,1332,2,120
1333,1334,2,120
1338,1339,2,120
1343,1344,2,120
1349,1350,2,120
1353,1354,2,120
1357,1358,2,120
1361,1362,2,120
1363,1364,2,120
1374,1375,2,120
1374,1376,2,120
1375,1376,2,120
1377,1379,2,120
1382,1383,2,120
1384,1385,2,120
1386,1387,2,120
1388,1389,2,120
1393,30166,2,120
1394,1395,2,120
1396,1397,2,120
1401,1402,2,120
1403,1404,2,120
1405,1406,2,120
1412,1413,2,120
1414,1415,2,120
1416,1417,2,120
1416,1419,2,120
1416,1418,2,120
1417,1418,2,120
1417,1419,2,120
1418,1419,2,120
1420,1421,2,120
1424,1426,2,120
1429,1430,2,120
1431,1432,2,120
1433,1434,2,120
1435,1436,2,120
1439,1440,2,120
1441,1442,2,120
1443,1444,2,120
1445,1446,2,120
1447,1448,2,120
1449,1450,2,120
1455,1456,2,120
1459,1460,2,120
1461,1462,2,120
1463,1464,2,120
1465,1466,2,120
1469,1470,2,120
1471,1472,2,120
1473,1474,2,120
1475,1476,2,120
1477,1478,2,120
1479,1480,2,120
1489,1490,2,120
1493,1494,2,120
1493,11330,2,120
1494,11330,2,120
1495,1496,2,120
1504,46061,2,180
1504,46060,2,180
1504,1515,2,120
1504,1513,2,120
1504,1512,2,120
1504,1511,2,120
1504,1509,2,120
1504,1508,2,120
1504,1507,2,120
1504,1506,2,120
1504,30180,2,120
1504,1510,2,120
1504,1505,2,120
1504,1514,2,120
1505,46061,2,180
1505,46060,2,180
1505,1513,2,120
1505,1512,2,120
1505,1511,2,120
1505,1509,2,120
1505,1508,2,120
1505,1507,2,120
1505,1506,2,120
1505,30180,2,120
1505,1510,2,120
1505,1514,2,120
1505,1515,2,120
1506,46061,2,180
1506,46060,2,180
1506,1515,2,120
1506,1513,2,120
1506,1512,2,120
1506,1511,2,120
1506,1509,2,120
1506,1508,2,120
1506,1507,2,120
1506,30180,2,120
1506,1510,2,120
1506,1514,2,120
1507,46061,2,180
1507,46060,2,180
1507,1515,2,120
1507,1513,2,120
1507,1512,2,120
1507,1511,2,120
1507,1509,2,120
1507,1508,2,120
1507,30180,2,120
1507,1510,2,120
1507,1514,2,120
1508,46061,2,180
1508,46060,2,180
1508,1515,2,120
1508,1513,2,120
1508,1512,2,120
1508,1511,2,120
1508,1509,2,120
1508,30180,2,120
1508,1510,2,120
1508,1514,2,120
1509,46061,2,180
1509,46060,2,180
1509,1515,2,120
1509,1513,2,120
1509,1512,2,120
1509,1511,2,120
1509,30180,2,120
1509,1510,2,120
1509,1514,2,120
1510,1511,2,120
1510,30180,2,120
1510,1514,2,120
1510,1515,2,120
1510,46061,2,180
1510,46060,2,180
1510,1513,2,120
1510,1512,2,120
1511,46061,2,180
1511,46060,2,180
1511,1513,2,120
1511,1512,2,120
1511,30180,2,120
1511,1514,2,120
1511,1515,2,120
1512,46061,2,180
1512,46060,2,180
1512,1513,2,120
1512,30180,2,120
1512,1514,2,120
1512,1515,2,120
1513,46061,2,180
1513,46060,2,180
1513,30180,2,120
1513,1514,2,120
1513,1515,2,120
1514,46061,2,180
1514,46060,2,180
1514,30180,2,120
1514,1515,2,120
1515,46061,2,180
1515,46060,2,180
1515,30180,2,120
1518,1519,2,120
1520,1521,2,120
1522,1523,2,120
1524,1525,2,120
1527,1528,2,120
1531,1532,2,120
1533,1534,2,120
1535,10907,2,120
1542,1543,2,120
1544,1545,2,120
1546,1547,2,120
1548,1549,2,120
1550,1551,2,120
1550,11840,2,120
1550,11841,2,120
1551,11840,2,120
1551,11841,2,120
1554,1555,2,120
1559,1560,2,120
1561,1562,2,120
1564,1565,2,120
1566,1567,2,120
1572,1573,2,120
1574,1575,2,120
1576,1577,2,120
1580,1581,2,120
1590,1591,2,120
1594,31602,2,120
1595,1596,2,120
1602,1603,2,120
1604,1605,2,120
1608,1609,2,120
1610,1611,2,120
1612,1613,2,120
1614,1615,2,120
1616,1617,2,120
1618,1619,2,120
1622,31049,2,120
1622,1623,2,120
1622,31686,2,120
1623,31049,2,120
1623,31686,2,120
1624,1625,2,120
1630,1631,2,120
1632,1633,2,120
1634,1635,2,120
1636,1637,2,120
1638,1639,2,120
1640,1641,2,120
1642,1643,2,120
1646,1647,2,120
1650,1651,2,120
1654,1655,2,120
1656,1657,2,120
1658,1659,2,120
1660,1661,2,120
1663,1664,2,120
1667,1668,2,120
1671,1672,2,120
1673,1675,2,120
1673,1674,2,120
1674,1675,2,120
1676,1677,2,120
1679,1680,2,120
1685,1686,2,120
1688,1689,2,120
1690,1691,2,120
1692,1693,2,120
1694,1695,2,120
1696,1697,2,120
1701,1702,2,120
1703,1704,2,120
1713,30217,2,120
1713,30218,2,120
1715,1716,2,120
1720,1721,2,120
1722,1723,2,120
1726,1727,2,120
1728,1729,2,120
1730,1731,2,120
1734,1735,2,120
1736,1737,2,120
1738,1739,2,120
1740,1741,2,120
1742,1743,2,120
1744,1745,2,120
1746,1747,2,120
1749,1750,2,120
1755,1756,2,120
1759,1760,2,120
1761,1762,2,120
1763,1764,2,120
1765,1766,2,120
1768,1769,2,120
1770,1771,2,120
1777,1778,2,120
1781,12124,2,120
1781,1782,2,120
1782,12124,2,120
1784,1785,2,120
1786,1787,2,120
1794,1795,2,120
1798,1799,2,120
1802,1803,2,120
1804,1805,2,120
1814,1815,2,120
1814,1817,2,120
1815,1817,2,120
1820,1821,2,120
1822,1823,2,120
1825,1826,2,120
1834,1835,2,120
1842,1843,2,120
1845,1846,2,120
1862,1863,2,120
1864,1865,2,120
1866,1867,2,120
1873,1874,2,120
1875,1876,2,120
1877,1878,2,120
1882,11215,2,120
1882,10331,2,120
1885,1886,2,120
1887,11199,2,120
1889,1892,2,120
1889,11505,2,120
1889,45862,2,180
1889,45861,2,180
1892,11505,2,120
1892,45862,2,180
1892,45861,2,180
1895,1896,2,120
1899,1900,2,120
1901,1902,2,120
1905,1906,2,120
1907,1908,2,120
1917,1918,2,120
1921,1922,2,120
1923,1924,2,120
1936,10300,2,120
1936,1938,2,120
1936,1937,2,120
1937,10300,2,120
1937,1938,2,120
1938,10300,2,120
1939,1940,2,120
1939,32171,2,60
1939,32170,2,60
1940,32171,2,60
1940,32170,2,60
1941,1942,2,120
1950,1951,2,120
1952,10309,2,120
1952,1953,2,120
1952,10308,2,120
1953,10309,2,120
1953,10308,2,120
1954,1955,2,120
1954,46158,2,120
1954,46157,2,120
1955,46157,2,120
1955,46158,2,120
1956,1957,2,120
1958,1959,2,120
1968,10594,2,120
1970,35674,2,120
1970,1971,2,120
1970,35675,2,120
1971,35675,2,120
1971,35674,2,120
1974,1975,2,120
1976,1977,2,120
1986,1987,2,120
1986,10041,2,120
1986,10040,2,120
1987,10041,2,120
1987,10040,2,120
1988,1989,2,120
2005,10089,2,120
2008,12287,2,120
2008,2009,2,120
2008,11740,2,120
2009,11740,2,120
2009,12287,2,120
2010,2011,2,120
2018,2019,2,120
2020,2021,2,120
2023,2024,2,120
2025,2026,2,120
2027,2028,2,120
2036,2037,2,120
2041,2042,2,120
2047,2048,2,120
2049,2050,2,120
2051,2052,2,120
2053,2054,2,120
2055,2056,2,120
2057,2058,2,120
2061,2062,2,120
2063,2064,2,120
2065,2066,2,120
2071,2072,2,120
2073,31582,2,120
2073,2074,2,120
2074,31582,2,120
2077,2078,2,120
2079,2080,2,120
2081,2082,2,120
2083,2084,2,120
2085,2086,2,120
2087,32159,2,60
2087,32158,2,60
2087,2088,2,120
2088,32159,2,60
2088,32158,2,60
2090,2091,2,120
2092,2093,2,120
2096,2097,2,120
2098,2099,2,120
2100,2101,2,120
2102,2103,2,120
2104,2105,2,120
2109,2110,2,120
2111,31883,2,120
2113,2114,2,120
2118,35584,2,240
2118,10966,2,120
2118,11226,2,120
2118,3364,2,120
2118,35585,2,240
2129,2130,2,120
2140,2141,2,120
2142,2143,2,120
2146,3380,2,120
2147,2148,2,120
2149,2150,2,120
2156,2157,2,120
2156,12105,2,120
2157,12105,2,120
2166,2167,2,120
2168,2169,2,120
2170,2171,2,120
2185,11921,2,180
2185,2186,2,180
2186,11921,2,180
2187,2189,2,180
2190,2191,2,120
2195,2196,2,120
2195,31623,2,120
2195,31622,2,120
2196,31623,2,120
2196,31622,2,120
2213,30364,2,120
2232,2233,2,120
2235,2236,2,120
2237,2238,2,240
2252,2253,2,120
2255,2256,2,120
2257,2258,2,120
2259,2260,2,120
2294,10171,2,120
2297,2298,2,120
2305,2306,2,120
2307,2308,2,120
2314,2315,2,120
2316,2317,2,120
2318,2319,2,120
2322,2323,2,120
2327,2328,2,120
2329,2330,2,120
2333,2334,2,120
2335,2336,2,120
2344,2345,2,120
2344,10565,2,120
2345,10565,2,120
2358,2359,2,120
2364,30225,2,120
2364,11544,2,120
2364,11058,2,120
2364,2369,2,120
2364,2367,2,120
2367,2369,2,120
2367,11544,2,120
2367,30225,2,120
2367,11058,2,120
2369,11058,2,120
2369,30225,2,120
2369,11544,2,120
2378,2379,2,120
2384,2385,2,120
2384,2388,2,120
2385,2388,2,120
2396,2397,2,120
2403,2404,2,120
2406,2407,2,120
2408,2409,2,120
2410,31503,2,120
2410,31502,2,120
2410,2411,2,120
2411,31503,2,120
2411,31502,2,120
2421,2422,2,120
2425,2426,2,120
2427,12126,2,120
2430,2431,2,120
2437,2438,2,120
2445,2446,2,120
2447,2448,2,120
2470,2471,2,120
2477,2478,2,120
2477,34087,2,240
2478,34087,2,240
2479,2480,2,120
2482,2483,2,120
2486,30041,2,120
2487,2488,2,120
2487,2490,2,120
2487,2491,2,120
2488,2490,2,120
2488,2491,2,120
2490,2491,2,120
2492,2493,2,120
2494,10889,2,120
2494,2495,2,120
2494,2496,2,120
2495,10889,2,120
2495,2496,2,120
2496,10889,2,120
2499,2500,2,120
2506,10854,2,300
2506,10855,2,300
2506,2507,2,120
2507,10854,2,300
2507,10855,2,300
2512,2515,2,180
2512,2514,2,180
2512,2513,2,180
2512,10520,2,180
2513,10520,2,120
2513,2515,2,120
2513,2514,2,120
2514,10520,2,120
2514,2515,2,120
2515,10520,2,120
2519,2520,2,120
2519,2526,2,180
2519,2521,2,120
2520,2521,2,120
2520,2526,2,180
2521,2526,2,180
2531,2537,2,120
2531,12268,2,120
2537,12268,2,120
2541,2542,2,120
2541,2543,2,120
2541,2545,2,120
2542,2543,2,120
2542,2545,2,120
2543,2545,2,120
2547,2548,2,120
2549,10888,2,120
2572,2573,2,120
2579,2580,2,120
2583,2584,2,120
2594,2595,2,120
2599,2600,2,120
2603,2604,2,120
2607,2608,2,120
2609,2610,2,120
2613,2614,2,120
2613,30257,2,120
2614,30257,2,120
2615,2616,2,120
2617,2618,2,120
2619,2620,2,120
2636,2637,2,180
2638,2639,2,120
2640,2643,2,120
2646,2647,2,120
2649,2650,2,120
2652,2653,2,120
2659,2660,2,120
2663,2664,2,120
2668,2669,2,120
2682,2683,2,120
2685,2602,2,300
2689,2690,2,120
2694,2695,2,120
2700,2701,2,180
2700,2702,2,180
2700,30198,2,240
2700,30197,2,240
2700,30133,2,240
2700,10068,2,180
2701,30133,2,240
2701,30198,2,240
2701,30197,2,240
2701,10068,2,180
2701,2702,2,180
2702,30197,2,240
2702,30198,2,240
2702,10068,2,180
2702,30133,2,240
2705,2707,2,120
2705,2708,2,120
2707,2708,2,120
2709,2710,2,120
2711,10478,2,120
2711,10802,2,120
2711,2712,2,120
2712,10802,2,120
2712,10478,2,120
2715,10515,2,120
2719,2720,2,120
2719,2721,2,120
2720,2721,2,120
2724,2725,2,120
2726,2727,2,120
2728,2729,2,120
2732,2733,2,120
2742,2743,2,120
2744,2745,2,120
2753,3343,2,120
2753,2754,2,120
2753,3342,2,120
2754,3342,2,120
2754,3343,2,120
2756,12139,2,120
2759,2760,2,120
2767,10898,2,120
2767,3398,2,120
2767,2768,2,120
2768,10898,2,120
2768,3398,2,120
2771,2772,2,120
2775,2776,2,120
2777,2778,2,120
2782,2783,2,120
2782,2785,2,120
2783,2785,2,120
2786,2787,2,120
2790,31908,2,120
2794,2795,2,120
2796,12109,2,120
2802,2803,2,120
2806,2807,2,120
2808,2666,2,240
2812,2813,2,120
2826,30025,2,120
2826,30214,2,180
2826,2828,2,120
2826,2827,2,120
2827,30025,2,120
2827,2828,2,120
2827,30214,2,180
2828,30025,2,120
2828,30214,2,180
2835,2836,2,120
2842,3305,2,180
2842,30000,2,180
2853,2854,2,120
2868,3336,2,120
2868,2869,2,120
2869,3336,2,120
2878,2879,2,120
2880,2881,2,120
2882,2883,2,120
2885,2886,2,120
2890,2891,2,120
2896,2897,2,120
2898,2899,2,120
2902,2903,2,120
2906,2907,2,120
2916,2917,2,120
2918,2919,2,120
2921,2922,2,120
2921,2923,2,120
2921,2924,2,120
2922,2924,2,120
2922,2923,2,120
2923,2924,2,120
2927,2928,2,120
2933,2934,2,120
2935,11305,2,120
2937,2939,2,120
2940,2941,2,120
2947,2948,2,120
2949,2950,2,120
2951,2952,2,120
2953,2954,2,120
2955,2956,2,120
2958,2959,2,120
2960,2961,2,120
2975,2978,2,120
2982,35659,2,300
2982,32123,2,120
2982,32122,2,120
2983,2984,2,120
2985,10547,2,120
2987,2988,2,120
2989,2990,2,120
2992,32130,2,240
2992,2993,2,120
2992,32131,2,240
2993,32131,2,240
2993,32130,2,240
2994,2995,2,120
2997,2998,2,120
3003,30541,2,120
3003,3005,2,120
3003,3004,2,120
3004,3005,2,120
3004,30541,2,120
3005,30541,2,120
3011,30514,2,120
3011,1046,2,240
3011,43356,2,240
3014,10569,2,120
3015,3016,2,120
3017,3018,2,120
3023,3024,2,120
3023,3025,2,120
3024,3025,2,120
3026,3027,2,120
3028,31044,2,120
3031,3032,2,120
3034,30208,2,300
3034,3035,2,120
3034,30207,2,300
3034,10607,2,120
3035,30207,2,300
3035,10607,2,120
3035,30208,2,300
3037,3038,2,120
3040,30164,2,120
3041,3042,2,120
3046,3047,2,120
3054,10298,2,120
3054,3055,2,120
3055,10298,2,120
3057,3058,2,120
3060,30545,2,120
3077,3078,2,120
3080,3081,2,120
3084,3085,2,120
3087,3088,2,180
3091,3092,2,120
3100,3101,2,120
3103,3104,2,120
3117,3118,2,120
3119,3120,2,120
3122,3123,2,120
3124,3125,2,120
3128,32147,2,60
3128,32146,2,60
3131,3132,2,120
3133,30487,2,120
3134,3135,2,120
3136,3137,2,120
3136,30488,2,120
3136,30493,2,120
3137,30488,2,120
3137,30493,2,120
3144,3145,2,120
3148,3149,2,120
3151,30552,2,120
3151,30553,2,120
3156,32145,2,120
3156,30083,2,120
3156,32144,2,120
3173,3174,2,120
3173,30533,2,120
3173,30532,2,120
3174,30532,2,120
3174,30533,2,120
3175,3176,2,120
3177,3178,2,120
3205,3206,2,120
3207,3208,2,120
3252,3253,2,120
3254,3255,2,120
3258,3259,2,120
3286,3287,2,120
3288,3289,2,120
3297,32112,2,120
3297,32113,2,120
3298,3299,2,120
3300,3301,2,120
3305,30000,2,120
3316,3317,2,120
3321,3322,2,120
3324,12199,2,180
3324,3325,2,120
3325,12199,2,180
3326,3327,2,120
3342,3343,2,120
3346,10585,2,120
3364,10966,2,120
3364,35585,2,240
3364,35584,2,240
3364,11226,2,120
3378,30159,2,240
3381,3382,2,120
3388,3389,2,120
3398,10898,2,120
3399,3400,2,120
3401,3402,2,120
3411,3412,2,120
3413,3414,2,120
3426,3427,2,120
3434,10252,2,120
3434,30507,2,120
3434,10566,2,120
3434,30579,2,120
3434,30206,2,240
3434,10567,2,120
3434,30205,2,240
3434,10332,2,120
3434,10292,2,120
3434,30574,2,120
3434,30575,2,120
3440,3441,2,120
3442,3443,2,120
3475,3476,2,120
3477,3478,2,120
3484,3485,2,120
3486,3487,2,120
3493,3508,2,120
3493,10082,2,120
3493,10081,2,120
3497,3498,2,120
3499,3500,2,120
3503,46303,2,120
3503,46052,2,240
3503,42743,2,240
3503,30156,2,240
3503,11529,2,180
3503,30173,2,240
3508,10082,2,120
3508,10081,2,120
3514,3515,2,120
3516,3517,2,120
3516,2328,2,180
3516,2327,2,180
3517,2328,2,180
3517,2327,2,180
10006,10007,2,120
10012,10013,2,120
10017,10018,2,120
10025,10026,2,120
10028,10029,2,120
10032,10033,2,120
10034,10035,2,120
10036,10037,2,120
10038,10039,2,120
10040,10041,2,120
10045,10046,2,120
10047,10048,2,120
10051,10052,2,120
10068,30133,2,240
10068,30197,2,240
10068,30198,2,240
10075,10076,2,120
10081,10082,2,120
10084,32583,2,300
10084,32582,2,300
10119,10302,2,120
10125,10126,2,120
10129,11500,2,120
10129,10130,2,120
10129,11501,2,120
10130,11501,2,120
10130,11500,2,120
10139,10140,2,120
10145,10146,2,120
10147,32167,2,60
10147,10148,2,120
10147,32166,2,60
10148,32166,2,60
10148,32167,2,60
10155,10156,2,120
10158,31688,2,120
10158,30001,2,120
10158,30027,2,120
10175,10176,2,120
10177,10179,2,120
10184,10188,2,120
10184,30185,2,60
10184,30186,2,60
10184,10185,2,120
10184,11292,2,120
10184,11231,2,120
10185,11231,2,120
10185,11292,2,120
10185,10188,2,120
10185,30185,2,60
10185,30186,2,60
10188,11292,2,120
10188,30185,2,60
10188,30186,2,60
10188,11231,2,120
10190,30029,2,120
10191,30191,2,60
10191,30192,2,60
10196,10197,2,120
10198,10199,2,120
10198,30158,2,120
10198,30157,2,120
10199,30158,2,120
10199,30157,2,120
10200,10201,2,120
10202,10203,2,120
10204,10205,2,120
10218,10219,2,120
10220,10221,2,120
10228,10229,2,120
10236,10237,2,120
10243,30226,2,120
10243,10244,2,120
10243,30227,2,120
10244,30226,2,120
10244,30227,2,120
10247,10304,2,120
10247,11222,2,120
10247,10248,2,120
10248,10304,2,120
10248,11222,2,120
10252,30579,2,120
10252,30575,2,120
10252,30574,2,120
10252,30507,2,120
10252,10566,2,120
10252,10567,2,120
10252,30206,2,240
10252,30205,2,240
10252,10332,2,120
10252,10292,2,120
10259,10260,2,120
10265,10266,2,120
10276,10277,2,120
10278,10279,2,120
10280,10281,2,120
10292,30579,2,120
10292,10566,2,120
10292,30507,2,120
10292,30574,2,120
10292,30575,2,120
10292,30205,2,240
10292,10567,2,120
10292,10332,2,120
10292,30206,2,240
10304,11222,2,120
10308,10309,2,120
10310,10311,2,120
10310,30309,2,120
10311,30309,2,120
10312,10313,2,120
10314,10315,2,120
10320,11534,2,120
10320,35659,2,360
10320,32121,2,240
10320,32120,2,360
10320,46025,2,180
10320,46024,2,180
10320,11213,2,180
10323,10324,2,120
10326,30056,2,120
10327,10328,2,120
10329,11240,2,120
10331,11215,2,120
10332,30205,2,240
10332,30206,2,240
10332,30579,2,120
10332,10566,2,120
10332,30507,2,120
10332,30574,2,120
10332,30575,2,120
10332,10567,2,120
10334,10335,2,120
10339,10340,2,120
10346,10347,2,120
10346,2350,2,180
10346,10476,2,120
10346,46155,2,120
10346,10477,2,120
10346,39037,2,180
10346,46156,2,120
10347,10476,2,120
10347,46155,2,120
10347,2350,2,180
10347,46156,2,120
10347,39037,2,180
10347,10477,2,120
10350,10351,2,120
10361,10362,2,120
10363,10364,2,120
10365,10366,2,120
10367,10368,2,120
10369,10370,2,120
10371,10372,2,120
10383,10385,2,120
10386,30211,2,180
10386,10387,2,120
10387,30211,2,180
10393,10394,2,120
10401,10402,2,120
10405,10406,2,120
10429,30201,2,240
10429,30202,2,240
10429,30103,2,240
10429,10920,2,120
10435,10436,2,120
10440,10441,2,120
10442,10443,2,120
10445,10446,2,120
10447,10448,2,120
10449,11726,2,120
10450,10451,2,120
10457,10458,2,120
10459,10460,2,120
10474,10475,2,120
10476,39037,2,180
10476,46155,2,120
10476,10477,2,120
10476,2350,2,180
10476,46156,2,120
10477,46155,2,120
10477,46156,2,120
10477,2350,2,180
10477,39037,2,180
10478,10802,2,120
10484,10485,2,120
10486,10487,2,120
10488,10489,2,120
10496,10497,2,120
10501,10502,2,120
10508,30103,2,180
10508,30201,2,180
10508,30202,2,180
10508,10429,2,360
10508,30511,2,180
10508,30510,2,180
10508,12289,2,180
10508,30005,2,120
10508,30008,2,120
10508,10920,2,360
10517,10518,2,120
10524,10525,2,120
10524,11279,2,120
10525,11279,2,120
10528,10529,2,120
10530,10531,2,120
10532,10533,2,120
10566,30206,2,240
10566,30205,2,240
10566,30579,2,120
10566,30507,2,120
10566,30574,2,120
10566,30575,2,120
10566,10567,2,120
10567,30574,2,120
10567,30507,2,120
10567,30579,2,120
10567,30206,2,240
10567,30205,2,240
10567,30575,2,120
10568,11223,2,120
10571,11227,2,120
10600,10601,2,120
10606,11389,2,120
10607,30208,2,300
10607,30207,2,300
10637,2186,2,360
10637,10946,2,120
10637,35774,2,360
10637,10638,2,120
10637,10947,2,120
10637,11921,2,360
10637,35958,2,360
10637,35957,2,360
10637,2185,2,360
10638,10946,2,120
10638,10947,2,120
10638,11921,2,360
10638,2186,2,360
10638,35774,2,360
10638,35957,2,360
10638,35958,2,360
10638,2185,2,360
10642,10643,2,120
10676,10677,2,120
10683,10684,2,120
10685,10686,2,120
10687,10688,2,120
10689,10690,2,120
10696,30199,2,180
10696,32110,2,120
10696,32111,2,120
10696,10697,2,120
10696,30200,2,180
10697,32110,2,120
10697,30200,2,180
10697,30199,2,180
10697,32111,2,120
10705,10706,2,120
10728,10729,2,120
10737,10738,2,120
10787,10788,2,120
10818,42743,2,360
10818,30156,2,360
10818,11529,2,360
10818,3503,2,360
10818,1198,2,360
10818,1189,2,360
10818,1191,2,360
10818,1192,2,360
10818,30173,2,360
10818,1190,2,360
10818,32842,2,360
10818,34934,2,360
10844,10845,2,120
10854,10855,2,120
10890,10891,2,120
10892,10893,2,120
10894,10895,2,120
10896,10897,2,120
10900,10901,2,120
10902,10903,2,120
10910,10911,2,120
10912,10913,2,120
10916,10917,2,120
10919,11412,2,120
10920,30103,2,240
10920,30202,2,240
10920,30201,2,240
10933,10934,2,120
10941,30188,2,240
10941,30187,2,240
10942,30397,2,120
10945,42744,2,180
10945,46050,2,180
10946,2186,2,360
10946,2185,2,360
10946,11921,2,360
10946,35774,2,360
10946,35957,2,360
10946,10947,2,120
10946,35958,2,360
10947,35958,2,360
10947,35957,2,360
10947,35774,2,360
10947,2186,2,360
10947,11921,2,360
10947,2185,2,360
10964,10999,2,120
10966,35585,2,240
10966,11226,2,120
10966,35584,2,240
10973,10974,2,120
10983,10984,2,120
10987,10988,2,120
10989,10990,2,120
10995,10996,2,120
11006,30256,2,120
11014,32157,2,180
11014,32156,2,180
11014,30190,2,240
11014,30189,2,240
11030,11031,2,120
11032,11033,2,120
11036,11037,2,120
11038,11039,2,120
11058,11544,2,120
11058,30225,2,120
11060,11061,2,120
11072,11073,2,120
11089,11090,2,120
11095,11096,2,120
11108,11109,2,120
11110,11111,2,120
11112,11113,2,120
11190,11191,2,120
11194,11195,2,120
11209,11210,2,120
11213,11534,2,120
11213,46024,2,180
11213,32120,2,120
11213,35659,2,120
11213,46025,2,180
11213,32121,2,120
11226,35585,2,240
11226,35584,2,240
11231,30185,2,60
11231,11292,2,120
11231,30186,2,60
11232,11233,2,120
11238,11239,2,120
11247,11715,2,120
11273,11274,2,120
11275,11276,2,120
11277,11278,2,120
11284,11285,2,120
11286,11287,2,120
11286,11836,2,120
11286,11837,2,120
11287,11836,2,120
11287,11837,2,120
11292,30185,2,60
11292,30186,2,60
11315,30447,2,120
11315,30448,2,120
11317,11318,2,120
11321,30184,2,120
11321,30183,2,180
11321,11392,2,120
11321,11323,2,120
11321,11322,2,120
11322,11323,2,120
11322,30183,2,180
11322,30184,2,120
11322,11392,2,120
11323,30183,2,180
11323,11392,2,120
11323,30184,2,120
11331,11332,2,120
11335,11336,2,120
11337,11338,2,120
11360,11361,2,120
11374,11375,2,120
11392,30183,2,180
11392,30184,2,120
11396,11397,2,120
11404,619,2,240
11404,620,2,240
11404,11405,2,120
11405,620,2,240
11405,619,2,240
11410,11411,2,120
11418,11419,2,120
11420,11421,2,120
11426,11427,2,120
11430,11431,2,120
11435,11436,2,120
11444,30446,2,180
11444,30445,2,180
11498,11499,2,120
11500,11501,2,120
11502,11503,2,120
11504,30194,2,180
11504,30193,2,180
11505,45861,2,180
11505,45862,2,180
11515,11516,2,120
11518,30201,2,180
11518,30103,2,180
11518,30510,2,180
11518,12289,2,180
11518,30202,2,180
11518,30511,2,180
11518,10429,2,360
11518,10920,2,360
11518,30008,2,180
11518,10508,2,180
11518,30005,2,180
11518,166,2,180
11518,11520,2,120
11518,159,2,360
11520,30201,2,180
11520,30202,2,180
11520,30510,2,180
11520,30511,2,180
11520,10429,2,360
11520,10920,2,360
11520,30103,2,180
11520,30008,2,180
11520,10508,2,180
11520,30005,2,180
11520,166,2,180
11520,159,2,360
11520,12289,2,180
11529,30173,2,180
11529,46303,2,120
11529,46052,2,180
11529,42743,2,180
11529,30156,2,240
11534,46024,2,180
11534,46025,2,180
11534,35659,2,360
11534,32121,2,240
11534,32120,2,360
11544,30225,2,120
11628,11629,2,120
11713,32165,2,180
11713,32164,2,180
11729,30229,2,120
11729,30230,2,120
11729,30231,2,120
11738,32503,2,360
11738,11534,2,360
11738,32502,2,360
11738,32121,2,180
11738,32120,2,180
11738,10320,2,360
11738,11213,2,360
11740,12287,2,120
11743,11744,2,120
11745,11746,2,120
11747,11748,2,120
11750,11751,2,120
11759,12230,2,120
11760,11761,2,120
11762,11763,2,120
11796,11797,2,120
11803,11804,2,120
11810,46055,2,180
11810,42740,2,180
11810,30472,2,300
11833,11834,2,120
11836,11837,2,120
11838,11839,2,120
11840,11841,2,120
11844,11845,2,120
11856,11857,2,120
11858,11859,2,120
11860,11861,2,120
11877,12203,2,120
11878,11879,2,120
11880,11881,2,120
11882,11883,2,120
11891,11893,2,120
11898,30057,2,120
11925,11926,2,120
11937,11938,2,120
11974,11975,2,120
11987,11988,2,120
12005,30566,2,120
12007,30565,2,120
12009,30564,2,120
12015,30562,2,120
12025,12026,2,120
12027,12028,2,120
12036,12037,2,120
12038,12039,2,120
12041,12042,2,120
12045,30209,2,240
12045,30210,2,240
12045,30093,2,120
12045,30136,2,120
12045,30137,2,120
12045,12272,2,120
12045,30070,2,120
12045,12265,2,120
12045,12266,2,120
12045,12273,2,120
12045,12120,2,120
12045,12275,2,120
12046,12047,2,120
12074,12075,2,120
12078,12079,2,120
12107,30006,2,120
12110,12111,2,120
12120,12265,2,120
12120,30070,2,120
12120,12272,2,120
12120,30137,2,120
12120,30136,2,120
12120,30093,2,120
12120,30209,2,240
12120,30210,2,240
12120,12266,2,120
12120,12273,2,120
12120,12275,2,120
12129,12130,2,120
12150,12151,2,120
12162,12163,2,120
12169,10258,2,180
12180,12181,2,120
12184,12185,2,120
12188,12189,2,120
12190,12191,2,120
12211,12229,2,120
12211,31043,2,120
12219,12221,2,120
12229,31043,2,120
12231,12232,2,120
12235,30219,2,120
12235,12236,2,120
12236,30219,2,120
12238,12239,2,120
12265,30093,2,120
12265,30210,2,240
12265,30209,2,240
12265,30070,2,120
12265,30136,2,120
12265,12266,2,120
12265,12273,2,120
12265,12275,2,120
12265,12272,2,120
12265,30137,2,120
12266,30136,2,120
12266,30093,2,120
12266,30210,2,240
12266,30209,2,240
12266,12275,2,120
12266,12273,2,120
12266,30070,2,120
12266,12272,2,120
12266,30137,2,120
12272,12273,2,120
12272,30209,2,240
12272,30093,2,120
12272,30070,2,120
12272,30137,2,120
12272,30210,2,240
12272,12275,2,120
12272,30136,2,120
12273,30093,2,120
12273,30210,2,240
12273,30209,2,240
12273,30136,2,120
12273,30137,2,120
12273,30070,2,120
12273,12275,2,120
12275,30070,2,120
12275,30210,2,240
12275,30136,2,120
12275,30137,2,120
12275,30209,2,240
12275,30093,2,120
12289,30103,2,180
12289,30201,2,180
12289,30202,2,180
12289,30510,2,120
12289,30511,2,120
12289,10429,2,360
12289,10920,2,360
12314,32142,2,180
12314,32143,2,180
12314,46028,2,180
12314,46029,2,180
30001,30027,2,120
30001,31688,2,120
30005,30202,2,180
30005,30201,2,180
30005,10429,2,360
30005,10920,2,360
30005,30008,2,120
30005,12289,2,180
30005,30510,2,180
30005,30511,2,180
30005,30103,2,180
30008,30201,2,180
30008,30202,2,180
30008,10920,2,360
30008,12289,2,180
30008,30510,2,180
30008,30511,2,180
30008,30103,2,180
30008,10429,2,360
30016,30017,2,120
30018,30019,2,120
30025,30214,2,180
30027,31688,2,120
30033,30034,2,120
30044,30045,2,120
30048,30049,2,120
30070,30136,2,120
30070,30209,2,240
30070,30210,2,240
30070,30093,2,120
30070,30137,2,120
30083,32144,2,120
30083,32145,2,120
30093,30209,2,240
30093,30137,2,120
30093,30136,2,120
30093,30210,2,240
30101,30459,2,120
30103,30201,2,60
30103,30202,2,60
30133,30197,2,60
30133,30198,2,60
30136,30209,2,240
30136,30137,2,120
30136,30210,2,240
30137,30210,2,240
30137,30209,2,240
30157,30158,2,120
30173,46052,2,120
30173,46303,2,120
30173,42743,2,120
30173,30156,2,120
30180,46061,2,180
30180,46060,2,180
30183,30184,2,120
30185,30186,2,120
30187,30188,2,120
30189,30190,2,120
30191,30192,2,120
30193,30194,2,120
30197,30198,2,60
30199,32110,2,180
30199,32111,2,180
30199,30200,2,120
30200,32111,2,180
30200,32110,2,180
30201,30202,2,60
30205,30206,2,120
30207,30208,2,120
30209,30210,2,120
30212,30213,2,120
30217,30218,2,120
30226,30227,2,120
30229,30230,2,120
30229,30231,2,120
30230,30231,2,120
30249,30252,2,120
30273,30274,2,120
30366,45869,2,180
30366,45870,2,180
30377,32107,2,180
30377,32106,2,180
30387,30388,2,120
30389,30390,2,120
30406,30407,2,120
30416,30558,2,120
30417,30559,2,120
30418,30560,2,120
30423,30556,2,120
30424,30554,2,120
30430,30578,2,120
30445,30446,2,120
30447,30448,2,120
30449,30450,2,120
30459,33771,2,240
30459,33769,2,240
30459,33767,2,240
30459,33773,2,240
30459,33775,2,240
30459,33777,2,240
30459,33778,2,240
30459,33779,2,240
30459,33780,2,240
30459,33782,2,240
30459,32103,2,120
30459,33770,2,240
30485,30486,2,120
30488,30493,2,120
30504,30505,2,120
30507,30575,2,120
30507,30579,2,120
30507,30206,2,240
30507,30205,2,240
30507,30574,2,120
30510,30201,2,180
30510,30103,2,180
30510,10920,2,360
30510,10429,2,360
30510,30511,2,120
30510,30202,2,180
30511,10920,2,360
30511,10429,2,360
30511,30202,2,180
30511,30201,2,180
30511,30103,2,180
30514,43356,2,240
30514,1046,2,240
30519,30520,2,120
30528,30529,2,120
30532,30533,2,120
30547,31403,2,120
30551,32124,2,60
30551,32125,2,60
30552,30553,2,120
30572,30573,2,120
30574,30205,2,240
30574,30575,2,120
30574,30579,2,120
30574,30206,2,240
30575,30579,2,120
30575,30205,2,240
30575,30206,2,240
30579,30206,2,240
30579,30205,2,240
30822,30823,2,120
31045,31046,2,120
31047,31048,2,120
31049,31686,2,120
31283,31302,2,120
31284,31303,2,120
31349,31353,2,120
31402,32151,2,240
31402,32152,2,240
31402,32153,2,240
31402,32150,2,240
31502,31503,2,120
31504,2470,2,240
31504,2471,2,240
31583,31584,2,120
31622,31623,2,120
31862,31863,2,120
31864,32130,2,60
31864,32131,2,60
31904,31905,2,120
31983,31982,2,120
32063,32062,2,120
32102,33779,2,240
32102,33778,2,240
32102,33777,2,240
32102,33775,2,240
32102,33773,2,240
32102,33771,2,240
32102,33770,2,240
32102,33769,2,240
32102,30459,2,120
32102,30101,2,180
32102,32103,2,60
32102,33767,2,240
32102,33782,2,240
32102,33780,2,240
32103,41737,2,180
32103,33771,2,180
32103,33782,2,180
32103,33780,2,180
32103,33779,2,180
32103,33778,2,180
32103,33777,2,180
32103,33775,2,180
32103,33773,2,180
32103,33770,2,180
32103,33769,2,180
32103,33767,2,180
32105,32104,2,120
32107,32106,2,120
32109,32108,2,120
32111,32110,2,120
32113,32112,2,120
32115,32114,2,120
32116,46027,2,180
32116,32002,2,120
32116,46026,2,180
32117,46027,2,180
32117,32002,2,120
32117,32116,2,120
32117,46026,2,180
32119,32118,2,120
32120,30364,2,360
32120,2213,2,360
32120,35659,2,180
32120,46025,2,180
32120,46024,2,180
32121,30364,2,360
32121,2213,2,360
32121,32120,2,60
32121,35659,2,180
32121,46024,2,180
32121,46025,2,180
32122,35659,2,180
32123,32122,2,120
32123,35659,2,180
32125,32124,2,120
32126,42740,2,180
32126,46055,2,180
32126,30472,2,300
32126,434,2,300
32126,11810,2,300
32126,435,2,300
32127,42740,2,180
32127,46055,2,180
32127,32126,2,120
32127,30472,2,300
32127,434,2,300
32127,11810,2,300
32127,435,2,300
32128,44018,2,180
32128,42558,2,180
32128,2993,2,180
32128,2992,2,180
32128,42557,2,180
32129,44018,2,180
32129,42558,2,180
32129,32128,2,120
32129,2992,2,180
32129,2993,2,180
32129,42557,2,180
32131,32130,2,120
32133,32132,2,120
32135,32134,2,120
32136,42678,2,180
32136,10121,2,180
32136,42677,2,180
32137,42678,2,180
32137,10121,2,180
32137,42677,2,180
32141,32140,2,120
32142,46028,2,180
32142,46029,2,180
32143,46029,2,180
32143,32142,2,120
32143,46028,2,180
32144,1489,2,240
32144,1490,2,240
32145,1490,2,240
32145,32144,2,120
32145,1489,2,240
32147,32146,2,120
32148,39455,2,180
32148,39454,2,180
32149,32148,2,120
32149,39454,2,180
32149,39455,2,180
32151,32150,2,120
32153,32152,2,120
32155,32154,2,120
32156,30189,2,180
32156,30190,2,180
32157,30190,2,240
32157,30189,2,240
32159,32158,2,120
32161,32160,2,120
32163,32162,2,120
32165,32164,2,120
32167,32166,2,120
32169,32168,2,120
32171,32170,2,120
32173,32172,2,120
32175,32174,2,120
32203,32202,2,120
32205,32204,2,120
32245,32244,2,120
32263,32107,2,180
32263,30377,2,120
32263,32106,2,180
32288,32287,2,120
32292,32291,2,120
32296,32295,2,120
32299,32168,2,180
32299,32169,2,180
32299,944,2,120
32303,32302,2,120
32342,980,2,120
32342,981,2,120
32343,1268,2,120
32343,1269,2,120
32344,1269,2,120
32344,32343,2,120
32344,1268,2,120
32362,31585,2,120
32364,32363,2,120
32404,12314,2,120
32404,46029,2,180
32404,46028,2,180
32404,32143,2,180
32404,1248,2,120
32404,1253,2,120
32404,1252,2,120
32404,32142,2,180
32444,31403,2,120
32444,30547,2,120
32445,30380,2,120
32482,32143,2,180
32482,32142,2,180
32482,32404,2,120
32482,46029,2,180
32482,1253,2,120
32482,1252,2,120
32482,12314,2,120
32482,46028,2,180
32482,1248,2,120
32502,32120,2,360
32502,32121,2,240
32502,35659,2,360
32502,46025,2,180
32502,46024,2,180
32502,11213,2,180
32502,10320,2,180
32502,11534,2,120
32503,10320,2,180
32503,32502,2,180
32503,11534,2,120
32503,11213,2,180
32503,32120,2,360
32503,32121,2,240
32503,35659,2,360
32503,46025,2,180
32503,46024,2,180
32643,32642,2,120
32647,32646,2,120
32648,1312,2,120
32682,30507,2,120
32682,10252,2,120
32682,10566,2,120
32682,3434,2,120
32682,1061,2,120
32682,1059,2,120
32682,30574,2,120
32682,10332,2,120
32682,10567,2,120
32682,30575,2,120
32682,30579,2,120
32682,30205,2,240
32682,30206,2,240
32682,10292,2,120
32722,200,2,120
32722,199,2,120
32743,10326,2,120
32743,30056,2,120
32744,30056,2,120
32744,10326,2,120
32744,32743,2,120
32782,31402,2,120
32782,32152,2,240
32782,32151,2,240
32782,32150,2,240
32782,32153,2,240
32842,46303,2,60
32842,46052,2,180
32842,42743,2,180
32842,1190,2,180
32842,30173,2,180
32842,30156,2,180
32842,1191,2,300
32842,1189,2,180
32842,1198,2,60
32842,3503,2,180
32842,11529,2,180
32842,1192,2,300
32942,2073,2,120
32942,2074,2,120
32942,31582,2,120
32962,1095,2,120
32962,11014,2,120
32962,1087,2,120
32962,1091,2,120
32962,1089,2,120
32962,1086,2,120
32962,30190,2,240
32962,32156,2,180
32962,32157,2,180
32962,30189,2,240
33004,2039,2,120
33011,1426,2,120
33011,1424,2,120
33044,33043,2,120
33046,33045,2,120
33063,33062,2,120
33124,11355,2,120
33126,33125,2,120
33127,187,2,120
33128,11228,2,120
33203,43028,2,180
33203,43027,2,180
33204,33203,2,120
33204,43028,2,180
33204,43027,2,180
33206,33205,2,120
33208,33207,2,120
33209,3131,2,120
33209,3132,2,120
33210,3131,2,120
33210,33209,2,120
33210,3132,2,120
33211,3336,2,180
33211,2868,2,180
33211,2869,2,180
33212,33211,2,120
33212,2868,2,180
33212,2869,2,180
33212,3336,2,180
33213,34433,2,180
33213,37847,2,180
33213,34434,2,180
33213,34535,2,180
33214,34434,2,180
33214,34535,2,180
33214,37847,2,180
33214,34433,2,180
33214,33213,2,120
33215,34536,2,180
33215,34394,2,180
33216,34536,2,180
33216,34394,2,180
33216,33215,2,120
33218,33217,2,120
33219,34411,2,180
33219,34412,2,180
33221,34412,2,180
33221,34411,2,180
33222,43021,2,180
33222,10084,2,180
33222,43022,2,180
33264,30211,2,180
33264,10387,2,180
33264,10386,2,180
33265,30211,2,180
33265,10387,2,180
33265,10386,2,180
33265,33264,2,120
33285,33284,2,60
33289,33288,2,60
33305,33304,2,60
33429,2306,2,60
33429,2305,2,60
33431,2092,2,60
33431,2093,2,60
33432,2092,2,60
33432,33431,2,60
33432,2093,2,60
33465,2499,2,60
33465,2500,2,60
33468,10298,2,60
33468,3055,2,60
33468,3054,2,60
33469,33468,2,60
33469,3055,2,60
33469,3054,2,60
33469,10298,2,60
33525,2637,2,60
33525,2636,2,60
33545,32110,2,180
33545,32111,2,180
33545,10696,2,60
33545,30200,2,180
33545,30199,2,180
33545,10697,2,60
33565,914,2,60
33685,10429,2,360
33685,10920,2,360
33685,30510,2,180
33685,12289,2,180
33685,166,2,180
33685,11520,2,120
33685,11518,2,120
33685,30005,2,180
33685,10508,2,180
33685,30008,2,180
33685,159,2,360
33685,30202,2,180
33685,30201,2,180
33685,30103,2,180
33685,30511,2,180
33769,33767,2,60
33770,33769,2,60
33770,33767,2,60
33771,33767,2,60
33771,33769,2,60
33771,33770,2,60
33773,33771,2,60
33773,33770,2,60
33773,33769,2,60
33773,33767,2,60
33775,33771,2,60
33775,33767,2,60
33775,33769,2,60
33775,33770,2,60
33775,33773,2,60
33777,33767,2,60
33777,33769,2,60
33777,33770,2,60
33777,33771,2,60
33777,33773,2,60
33777,33775,2,60
33778,33767,2,60
33778,33777,2,60
33778,33775,2,60
33778,33773,2,60
33778,33771,2,60
33778,33770,2,60
33778,33769,2,60
33779,33778,2,60
33779,33777,2,60
33779,33775,2,60
33779,33773,2,60
33779,33770,2,60
33779,33769,2,60
33779,33767,2,60
33779,33771,2,60
33780,33767,2,60
33780,33769,2,60
33780,33770,2,60
33780,33771,2,60
33780,33773,2,60
33780,33775,2,60
33780,33777,2,60
33780,33778,2,60
33780,33779,2,60
33782,33767,2,60
33782,33769,2,60
33782,33770,2,60
33782,33771,2,60
33782,33780,2,60
33782,33775,2,60
33782,33777,2,60
33782,33778,2,60
33782,33779,2,60
33782,33773,2,60
33845,11322,2,120
33845,11323,2,120
33845,30183,2,180
33845,11392,2,120
33845,30184,2,180
33845,11321,2,120
33905,12297,2,60
33945,3325,2,60
33945,3324,2,60
33945,12199,2,180
33947,30184,2,180
33947,30183,2,180
33947,33845,2,120
33947,11322,2,120
33947,11392,2,120
33947,11323,2,120
33947,11321,2,120
33949,443,2,60
33990,33989,2,60
34005,30210,2,240
34005,30070,2,60
34005,12265,2,60
34005,12266,2,60
34005,12273,2,60
34005,12275,2,60
34005,12120,2,60
34005,12045,2,60
34005,1010,2,60
34005,1012,2,60
34005,30093,2,60
34005,30136,2,60
34005,30137,2,60
34005,30209,2,240
34005,12272,2,60
34107,453,2,60
34107,454,2,60
34109,34107,2,60
34109,454,2,60
34109,453,2,60
34111,34110,2,60
34113,34112,2,60
34150,3370,2,60
34151,1270,2,60
34210,2790,2,60
34210,31908,2,60
34212,34211,2,60
34214,34213,2,60
34230,1469,2,60
34230,1470,2,60
34231,34230,2,60
34231,1470,2,60
34231,1469,2,60
34233,34232,2,60
34235,34234,2,60
34238,34237,2,60
34292,34291,2,60
34293,2801,2,60
34294,2801,2,60
34294,34293,2,60
34314,34313,2,60
34350,35659,2,360
34350,32121,2,240
34350,32120,2,360
34350,11738,2,360
34350,32503,2,180
34350,32502,2,180
34350,10320,2,180
34350,11213,2,180
34350,11534,2,60
34350,46024,2,180
34350,46025,2,180
34412,34411,2,60
34416,30448,2,180
34416,11315,2,60
34416,30447,2,180
34417,1817,2,60
34417,1815,2,60
34417,1814,2,60
34434,34433,2,60
34435,33725,2,60
34453,11025,2,60
34455,34454,2,60
34459,34458,2,60
34460,2838,2,60
34495,34494,2,60
34534,34533,2,60
34535,34434,2,60
34535,34433,2,60
34536,34394,2,60
34544,34543,2,60
34554,34392,2,60
34593,34410,2,60
34613,34392,2,60
34613,34554,2,60
34614,34392,2,60
34614,34554,2,60
34614,34613,2,60
34634,34633,2,60
34653,3038,2,60
34653,3037,2,60
34655,34654,2,60
34657,34656,2,60
34675,34674,2,60
34713,12233,2,60
34816,34813,2,60
34834,2934,2,180
34834,2933,2,180
34835,34834,2,60
34835,2933,2,180
34835,2934,2,180
34837,34836,2,60
34874,45378,2,120
34874,43838,2,120
34874,45800,2,120
34874,43839,2,120
34875,45800,2,180
34875,43839,2,180
34875,45378,2,180
34875,43838,2,180
34934,42743,2,120
34934,30156,2,120
34934,32842,2,180
34934,1190,2,120
34934,30173,2,120
34934,1192,2,240
34934,46052,2,120
34934,1189,2,120
34934,1198,2,180
34934,3503,2,240
34934,11529,2,180
34934,46303,2,120
34934,1191,2,240
35054,2991,2,60
35094,2543,2,120
35094,2542,2,120
35094,2541,2,120
35094,2545,2,120
35135,35134,2,60
35257,35256,2,60
35335,35334,2,60
35355,35354,2,60
35356,35355,2,60
35356,35354,2,60
35358,35357,2,60
35360,10245,2,60
35435,35434,2,60
35436,34816,2,60
35436,34813,2,60
35437,35436,2,60
35437,34816,2,60
35437,34813,2,60
35456,35455,2,60
35460,35459,2,60
35476,1765,2,60
35476,1766,2,60
35477,1765,2,60
35477,35476,2,60
35477,1766,2,60
35478,35461,2,60
35585,35584,2,60
35659,30364,2,360
35659,2213,2,360
35659,11738,2,180
35659,46024,2,180
35659,46025,2,180
35660,10130,2,180
35660,11500,2,180
35660,10129,2,180
35660,11501,2,180
35661,35660,2,60
35661,10129,2,180
35661,11500,2,180
35661,11501,2,180
35661,10130,2,180
35662,10125,2,120
35662,10126,2,120
35663,35662,2,60
35663,10126,2,120
35663,10125,2,120
35664,33949,2,180
35664,443,2,180
35665,35664,2,60
35665,33949,2,180
35665,443,2,180
35666,32302,2,120
35666,32303,2,120
35667,32303,2,120
35667,32302,2,120
35667,35666,2,60
35668,37170,2,180
35668,36414,2,180
35668,37169,2,180
35668,37214,2,180
35668,37215,2,180
35668,37216,2,180
35668,37217,2,180
35668,37274,2,180
35668,39996,2,180
35668,36434,2,120
35668,36394,2,120
35669,35668,2,60
35669,37274,2,180
35669,37217,2,180
35669,37216,2,180
35669,37215,2,180
35669,37214,2,180
35669,37169,2,180
35669,37170,2,180
35669,36414,2,180
35669,39996,2,180
35669,36394,2,120
35669,36434,2,120
35670,2743,2,180
35670,10490,2,180
35670,44418,2,180
35670,2742,2,180
35671,10490,2,180
35671,2743,2,180
35671,2742,2,180
35671,44418,2,180
35671,35670,2,60
35672,36095,2,180
35672,36094,2,180
35673,35672,2,60
35673,36094,2,180
35673,36095,2,180
35675,35674,2,60
35676,36115,2,180
35676,36114,2,180
35774,2185,2,60
35774,11921,2,60
35774,2186,2,60
35775,817,2,300
35775,818,2,300
35776,818,2,300
35776,817,2,300
35776,35775,2,60
35795,35794,2,60
35818,35817,2,60
35834,46025,2,180
35834,35659,2,360
35834,32121,2,240
35834,32120,2,360
35834,11738,2,360
35834,34350,2,60
35834,32503,2,60
35834,32502,2,60
35834,10320,2,60
35834,11213,2,60
35834,11534,2,60
35834,46024,2,180
35954,2206,2,180
35954,11534,2,180
35955,2189,2,60
35955,2187,2,60
35956,2189,2,60
35956,2187,2,60
35956,35955,2,60
35957,11921,2,60
35957,35774,2,60
35957,2186,2,60
35957,2185,2,60
35958,11921,2,60
35958,2186,2,60
35958,35774,2,60
35958,35957,2,60
35958,2185,2,60
35975,35974,2,60
35977,35976,2,60
35979,35978,2,60
35981,35980,2,60
35983,35982,2,60
35995,35994,2,60
35997,35996,2,60
35999,35998,2,60
36001,36000,2,60
36056,36055,2,60
36095,36094,2,60
36115,36114,2,60
36151,36150,2,60
36152,1983,2,60
36155,36147,2,60
36156,36146,2,60
36158,36145,2,60
36159,36144,2,60
36160,36143,2,60
36175,30230,2,60
36175,11729,2,60
36175,30231,2,60
36175,30229,2,60
36176,36175,2,60
36176,30231,2,60
36176,11729,2,60
36176,30229,2,60
36176,30230,2,60
36197,36196,2,60
36201,36200,2,60
36207,36206,2,60
36209,36208,2,60
36213,36212,2,60
36219,36218,2,60
36223,36222,2,60
36225,36224,2,60
36227,36226,2,60
36229,36228,2,60
36231,36230,2,60
36233,36232,2,60
36235,36234,2,60
36237,36236,2,60
36243,36242,2,60
36245,36244,2,60
36247,36246,2,60
36254,36253,2,60
36260,36259,2,60
36262,36261,2,60
36266,36265,2,60
36272,36271,2,60
36276,36275,2,60
36278,36277,2,60
36280,36279,2,60
36319,36318,2,60
36321,36320,2,60
36323,36322,2,60
36329,36328,2,60
36331,36330,2,60
36394,37170,2,180
36394,36414,2,180
36394,37169,2,180
36394,37214,2,180
36394,37216,2,180
36394,37217,2,180
36394,37274,2,180
36394,37215,2,180
36455,36454,2,60
36457,36204,2,60
36459,36458,2,60
36476,36475,2,60
36514,32153,2,180
36514,32152,2,180
36514,106,2,60
36535,36534,2,60
36634,35594,2,60
36694,810,2,60
36695,1437,2,60
36754,30261,2,60
36756,36755,2,60
36797,36796,2,60
36834,36814,2,60
36875,36874,2,60
36877,36876,2,60
36879,36878,2,60
36895,36894,2,60
36955,2711,2,60
36955,2712,2,60
36955,10802,2,60
36955,10478,2,60
36995,36994,2,60
37014,1182,2,60
37035,10802,2,60
37035,10478,2,60
37035,2711,2,60
37035,2712,2,60
37035,36955,2,60
37036,10802,2,60
37036,2712,2,60
37036,2711,2,60
37036,10478,2,60
37036,36955,2,60
37036,37035,2,60
37055,12061,2,60
37056,12063,2,60
37075,37074,2,60
37094,35585,2,60
37094,35584,2,60
37115,10344,2,60
37116,34854,2,60
37117,31896,2,60
37155,37154,2,60
37157,37156,2,60
37159,37158,2,60
37161,37160,2,60
37162,986,2,60
37163,30304,2,60
37164,30303,2,60
37165,30302,2,60
37166,3085,2,60
37166,3084,2,60
37169,36414,2,60
37170,37169,2,60
37170,36414,2,60
37171,10933,2,60
37171,10934,2,60
37179,286,2,60
37179,285,2,60
37181,10797,2,60
37194,106,2,60
37194,32153,2,180
37194,32152,2,180
37194,36514,2,60
37195,37194,2,60
37195,106,2,60
37195,36514,2,60
37195,32152,2,180
37195,32153,2,180
37196,1932,2,60
37199,37198,2,60
37214,36414,2,60
37214,37170,2,60
37214,37169,2,60
37215,36414,2,60
37215,37170,2,60
37215,37169,2,60
37215,37214,2,60
37216,37215,2,60
37216,36414,2,60
37216,37170,2,60
37216,37169,2,60
37216,37214,2,60
37217,36414,2,60
37217,37170,2,60
37217,37169,2,60
37217,37214,2,60
37217,37216,2,60
37217,37215,2,60
37254,10478,2,60
37254,2711,2,60
37254,2712,2,60
37254,36955,2,60
37254,37035,2,60
37254,37036,2,60
37254,10802,2,60
37274,37217,2,60
37274,37216,2,60
37274,37215,2,60
37274,37214,2,60
37274,37169,2,60
37274,37170,2,60
37274,36414,2,60
37275,34416,2,60
37275,30447,2,180
37275,11315,2,60
37295,34416,2,180
37295,37275,2,180
37295,30447,2,180
37295,11315,2,180
37301,11315,2,180
37301,34416,2,180
37301,37275,2,180
37301,30447,2,180
37301,37295,2,60
37399,10566,2,60
37399,3434,2,60
37399,1061,2,60
37399,1059,2,60
37399,10292,2,60
37399,10332,2,60
37399,10252,2,60
37399,30507,2,60
37399,30574,2,60
37399,10567,2,60
37399,30579,2,60
37399,32682,2,60
37399,30205,2,180
37399,30575,2,60
37400,3034,2,60
37400,30207,2,180
37400,3035,2,60
37400,10607,2,60
37408,45862,2,180
37408,45861,2,180
37408,1892,2,60
37408,1889,2,60
37408,11505,2,60
37439,37438,2,60
37444,1015,2,60
37444,30445,2,180
37444,11444,2,60
37445,30445,2,180
37445,11444,2,60
37445,1015,2,60
37445,37444,2,60
37488,37487,2,60
37492,37491,2,60
37498,12182,2,60
37506,12126,2,60
37506,2427,2,60
37522,371,2,60
37594,37054,2,60
37595,12053,2,60
37597,37596,2,60
37616,839,2,60
37616,840,2,60
37675,37674,2,60
37684,37683,2,60
37686,37685,2,60
37699,386,2,60
37699,385,2,60
37720,37719,2,60
37722,37721,2,60
37735,37499,2,60
37742,2777,2,60
37742,2778,2,60
37765,37764,2,60
37825,2782,2,60
37825,2783,2,60
37825,2785,2,60
37835,35483,2,60
37847,34433,2,60
37847,34434,2,60
37847,34535,2,60
37895,1399,2,60
37980,10585,2,60
37980,3346,2,60
38026,34895,2,60
38237,38236,2,60
38294,11029,2,60
38295,38294,2,60
38295,11029,2,60
38304,30187,2,180
38358,2613,2,60
38358,30257,2,60
38358,2614,2,60
38374,30266,2,60
38797,2133,2,60
38834,37408,2,60
38834,11505,2,60
38834,1889,2,60
38834,1892,2,60
38834,45862,2,180
38834,45861,2,180
38897,12267,2,60
39014,644,2,180
39014,643,2,180
39014,30225,2,60
39014,2367,2,60
39014,2364,2,60
39014,2369,2,60
39014,11058,2,60
39014,11544,2,60
39035,39034,2,60
39037,2350,2,60
39054,35659,2,180
39054,46025,2,180
39054,32120,2,180
39054,11738,2,180
39054,35954,2,180
39054,2206,2,180
39054,35834,2,60
39054,34350,2,60
39054,32503,2,60
39054,32502,2,60
39054,10320,2,60
39054,11213,2,60
39054,11534,2,60
39054,32121,2,180
39054,46024,2,180
39095,39094,2,60
39135,39134,2,60
39214,45467,2,120
39214,45466,2,120
39215,45467,2,120
39215,45466,2,120
39215,39214,2,60
39337,39336,2,60
39338,30527,2,60
39376,40014,2,180
39376,39895,2,180
39376,39894,2,180
39377,39894,2,180
39377,40014,2,180
39377,39895,2,180
39377,39376,2,60
39378,39898,2,180
39378,3466,2,180
39379,39378,2,60
39379,3466,2,180
39379,39898,2,180
39380,40016,2,180
39381,40016,2,180
39381,39380,2,60
39382,873,2,180
39382,874,2,180
39383,874,2,180
39383,39382,2,60
39383,873,2,180
39386,1320,2,180
39386,1321,2,180
39386,43307,2,180
39387,43307,2,180
39387,1321,2,180
39387,1320,2,180
39387,39386,2,60
39388,40036,2,180
39388,40115,2,180
39388,37301,2,180
39388,37295,2,180
39388,30448,2,180
39388,30447,2,180
39389,40115,2,180
39389,40036,2,180
39389,37295,2,180
39389,37301,2,180
39389,39388,2,60
39389,30448,2,180
39389,30447,2,180
39390,40222,2,180
39390,40179,2,180
39390,40178,2,180
39390,40135,2,180
39391,40179,2,180
39391,40135,2,180
39391,39390,2,60
39391,40178,2,180
39391,40222,2,180
39392,39914,2,180
39393,39392,2,60
39393,39914,2,180
39394,39534,2,180
39394,39917,2,180
39395,39394,2,60
39395,39534,2,180
39395,39917,2,180
39399,39398,2,60
39401,39400,2,60
39402,39949,2,180
39402,39950,2,180
39403,39950,2,180
39403,39402,2,60
39403,39949,2,180
39405,39404,2,60
39406,39974,2,180
39406,39975,2,180
39407,39406,2,60
39407,39974,2,180
39407,39975,2,180
39408,1161,2,180
39408,1162,2,180
39409,39408,2,60
39409,1162,2,180
39409,1161,2,180
39411,39410,2,60
39413,39919,2,180
39413,43917,2,180
39413,39942,2,180
39413,39920,2,180
39413,39941,2,180
39434,39919,2,180
39434,39941,2,180
39434,39942,2,180
39434,43917,2,180
39434,39920,2,180
39474,37399,2,60
39474,30507,2,60
39474,32682,2,60
39474,30579,2,60
39474,30575,2,60
39474,30574,2,60
39474,10252,2,60
39474,10566,2,60
39474,3434,2,60
39474,1061,2,60
39474,1059,2,60
39474,10332,2,60
39474,10567,2,60
39474,10292,2,60
39474,30205,2,180
39575,11017,2,60
39576,10552,2,60
39578,39577,2,60
39614,2009,2,60
39614,2008,2,60
39614,11740,2,60
39614,12287,2,60
39675,39674,2,60
39895,39894,2,60
39898,3466,2,60
39917,39534,2,60
39918,1996,2,60
39920,39919,2,60
39936,10797,2,60
39936,37181,2,60
39937,35669,2,360
39937,35668,2,360
39938,39937,2,60
39938,35668,2,360
39938,35669,2,360
39941,39920,2,60
39941,39919,2,60
39942,39919,2,60
39942,39920,2,60
39942,39941,2,60
39948,39947,2,60
39950,39949,2,60
39954,39953,2,60
39956,39955,2,60
39959,1687,2,60
39975,39974,2,60
39976,37301,2,180
39976,30447,2,180
39976,37295,2,180
39976,37275,2,60
39976,11315,2,60
39976,34416,2,60
39996,36414,2,60
39996,37170,2,60
39996,37169,2,60
39996,37214,2,60
39996,36394,2,180
39996,37216,2,60
39996,37217,2,60
39996,37274,2,60
39996,37215,2,60
40014,39894,2,60
40014,39895,2,60
40035,40034,2,60
40036,34416,2,180
40036,11315,2,180
40036,37301,2,60
40036,37275,2,180
40036,37295,2,60
40036,30447,2,180
40036,39976,2,180
40114,39960,2,60
40115,30447,2,180
40115,37301,2,60
40115,40036,2,60
40115,11315,2,180
40115,34416,2,180
40115,37275,2,180
40115,37295,2,60
40115,39976,2,180
40175,40174,2,60
40178,40135,2,60
40179,40178,2,60
40179,40135,2,60
40195,40194,2,60
40222,40178,2,60
40222,40179,2,60
40222,40135,2,60
40234,1182,2,60
40234,37014,2,60
40236,34294,2,60
40236,34293,2,60
40236,2801,2,60
40254,3111,2,60
40314,534,2,60
40314,533,2,60
40434,2643,2,60
40434,2640,2,60
40535,40534,2,60
40536,11974,2,60
40536,11975,2,60
40614,36356,2,60
40617,2793,2,60
40618,40617,2,60
40618,2793,2,60
40620,40619,2,60
40621,38754,2,60
40622,34897,2,60
40625,40624,2,60
40674,2814,2,60
40694,1182,2,60
40694,37014,2,60
40694,40234,2,60
40715,682,2,60
40796,1143,2,60
40846,40845,2,60
40847,11862,2,60
40857,40856,2,60
40914,10599,2,60
41015,41014,2,60
41017,41016,2,60
41020,10408,2,60
41056,41055,2,60
41064,36755,2,60
41064,36756,2,60
41065,36755,2,60
41065,41064,2,60
41065,36756,2,60
41075,41074,2,60
41077,41076,2,60
41095,41094,2,60
41097,41096,2,60
41100,10976,2,60
41154,32446,2,60
41214,41101,2,60
41234,3137,2,60
41234,3136,2,60
41234,30488,2,60
41234,30493,2,60
41235,30488,2,60
41235,41234,2,60
41235,3136,2,60
41235,3137,2,60
41235,30493,2,60
41295,2721,2,60
41295,2720,2,60
41295,2719,2,60
41496,36134,2,60
41514,31044,2,60
41514,3028,2,60
41594,166,2,180
41594,30005,2,180
41594,10508,2,180
41594,30008,2,180
41594,159,2,180
41594,33685,2,180
41594,11520,2,180
41594,11518,2,180
41594,30511,2,60
41594,30510,2,60
41594,12289,2,60
41594,30201,2,180
41594,10429,2,180
41594,30103,2,180
41594,10920,2,180
41655,41654,2,60
41657,41656,2,60
41734,30070,2,60
41734,30209,2,180
41734,12266,2,60
41734,12273,2,60
41734,12275,2,60
41734,12120,2,60
41734,12045,2,60
41734,1010,2,60
41734,1012,2,60
41734,30093,2,60
41734,30136,2,60
41734,30137,2,60
41734,12272,2,60
41734,34005,2,60
41734,12265,2,60
41735,30093,2,60
41735,30070,2,60
41735,12265,2,60
41735,12266,2,60
41735,12273,2,60
41735,12275,2,60
41735,12120,2,60
41735,12045,2,60
41735,1010,2,60
41735,1012,2,60
41735,30136,2,60
41735,30137,2,60
41735,12272,2,60
41735,34005,2,60
41735,41734,2,60
41735,30209,2,180
41736,41734,2,60
41736,30070,2,60
41736,12272,2,60
41736,30137,2,60
41736,30136,2,60
41736,30093,2,60
41736,1012,2,60
41736,1010,2,60
41736,12265,2,60
41736,12045,2,60
41736,12120,2,60
41736,12275,2,60
41736,12273,2,60
41736,12266,2,60
41736,41735,2,60
41736,30209,2,180
41736,34005,2,60
41737,33770,2,60
41737,33769,2,60
41737,33767,2,60
41737,32102,2,180
41737,30459,2,180
41737,33771,2,60
41737,33782,2,60
41737,33780,2,60
41737,33779,2,60
41737,33778,2,60
41737,33777,2,60
41737,33775,2,60
41737,33773,2,60
41753,1586,2,60
41758,11099,2,60
41760,37580,2,60
41778,367,2,60
41778,368,2,60
41814,2512,2,180
41814,2515,2,60
41814,2514,2,60
41814,2513,2,60
41814,10520,2,60
41818,37054,2,60
41818,37594,2,60
41819,11060,2,60
41819,11061,2,60
41857,41856,2,60
41859,989,2,60
41859,990,2,60
41895,41894,2,60
41974,11751,2,60
41974,11750,2,60
41975,11750,2,60
41975,11751,2,60
41975,41974,2,60
41979,41978,2,60
41980,58,2,60
41994,3378,2,60
41994,30159,2,180
41995,3378,2,60
41995,41994,2,60
41995,30159,2,180
41997,2949,2,60
41997,2950,2,60
42023,10239,2,60
42023,269,2,60
42023,268,2,60
42024,3001,2,60
42027,42026,2,60
42033,2041,2,60
42033,2042,2,60
42034,2041,2,60
42034,2042,2,60
42034,42033,2,60
42037,2039,2,60
42037,33004,2,60
42054,12124,2,60
42054,1782,2,60
42054,1781,2,60
42059,42058,2,60
42061,42060,2,60
42157,42155,2,60
42214,3378,2,60
42214,41994,2,60
42214,30159,2,180
42214,41995,2,60
42235,41995,2,60
42235,42214,2,60
42235,3378,2,60
42235,30159,2,180
42235,41994,2,60
42236,3378,2,60
42236,41994,2,60
42236,42214,2,60
42236,42235,2,60
42236,30159,2,180
42236,41995,2,60
42278,42277,2,60
42279,2812,2,60
42279,2813,2,60
42281,42280,2,60
42283,42282,2,60
42285,42284,2,60
42289,42288,2,60
42319,42318,2,60
42339,46028,2,180
42339,1252,2,60
42339,1253,2,60
42339,1248,2,60
42339,32404,2,60
42339,46029,2,180
42339,12314,2,60
42339,32143,2,180
42339,32142,2,180
42339,32482,2,60
42354,1529,2,60
42361,42360,2,60
42363,42362,2,60
42374,1467,2,60
42377,42376,2,60
42379,42378,2,60
42434,750,2,60
42436,11364,2,60
42474,10740,2,60
42476,42475,2,60
42478,482,2,60
42478,484,2,60
42478,483,2,60
42480,39274,2,60
42515,42514,2,60
42517,42516,2,60
42534,11088,2,60
42538,2725,2,60
42538,2724,2,60
42540,39937,2,60
42540,39938,2,60
42540,35668,2,360
42540,35669,2,360
42545,31764,2,60
42546,1097,2,60
42549,42548,2,60
42557,2992,2,480
42557,2993,2,60
42558,2993,2,60
42558,2992,2,480
42558,42557,2,60
42560,42559,2,60
42562,42561,2,60
42574,37438,2,240
42574,37439,2,240
42575,42574,2,60
42575,37438,2,240
42575,37439,2,240
42615,42614,2,60
42616,11002,2,60
42656,42655,2,60
42662,42661,2,60
42663,42662,2,60
42663,42661,2,60
42664,42661,2,60
42664,42663,2,60
42664,42662,2,60
42678,42677,2,60
42679,71,2,60
42679,70,2,60
42708,34414,2,60
42712,42711,2,60
42715,3473,2,60
42751,2608,2,180
42751,2607,2,180
42752,2608,2,180
42752,42751,2,60
42752,2607,2,180
42775,42774,2,60
42896,12051,2,60
42914,42794,2,60
42954,1179,2,60
42954,1178,2,60
42956,41834,2,60
42957,42956,2,60
42957,41834,2,60
42958,2686,2,60
42959,42958,2,60
42959,2686,2,60
42964,2685,2,60
42964,2602,2,180
42994,1809,2,60
43014,11338,2,60
43014,11337,2,60
43015,11337,2,60
43015,11338,2,60
43015,43014,2,60
43019,43018,2,60
43021,32583,2,180
43021,10084,2,60
43021,32582,2,180
43022,32582,2,180
43022,43021,2,60
43022,10084,2,60
43022,32583,2,180
43024,64,2,60
43026,43025,2,60
43028,43027,2,60
43029,43028,2,120
43029,43027,2,120
43030,43028,2,120
43030,43029,2,60
43030,43027,2,120
43035,43034,2,60
43058,11810,2,60
43058,46055,2,180
43058,434,2,60
43058,32127,2,180
43058,32126,2,180
43058,30472,2,180
43058,435,2,60
43058,42740,2,180
43114,2359,2,120
43114,2358,2,120
43118,43117,2,60
43119,42616,2,180
43119,11002,2,180
43120,11002,2,180
43120,42616,2,180
43120,43119,2,60
43121,35354,2,60
43121,35356,2,60
43121,35355,2,60
43214,32172,2,180
43214,32173,2,180
43215,43214,2,60
43215,32172,2,180
43215,32173,2,180
43218,1072,2,60
43218,1070,2,60
43218,1071,2,60
43222,42744,2,180
43222,599,2,60
43222,10945,2,60
43222,46050,2,180
43224,10945,2,60
43224,42744,2,180
43224,46050,2,180
43224,43222,2,60
43224,599,2,60
43225,10945,2,60
43225,43222,2,60
43225,43224,2,60
43225,46050,2,180
43225,42744,2,180
43225,599,2,60
43226,43225,2,60
43226,42744,2,180
43226,46050,2,180
43226,43224,2,60
43226,43222,2,60
43226,10945,2,60
43226,599,2,60
43274,11223,2,60
43274,10568,2,60
43274,351,2,60
43295,43294,2,60
43299,43298,2,60
43301,43300,2,60
43302,43215,2,60
43302,43214,2,60
43302,32173,2,180
43302,32172,2,180
43303,3453,2,60
43304,43303,2,60
43304,3453,2,60
43305,42024,2,60
43305,3001,2,60
43307,1321,2,60
43307,1320,2,60
43310,43309,2,60
43314,43313,2,60
43356,1046,2,60
43374,1529,2,60
43374,42354,2,60
43395,43394,2,60
43420,148,2,60
43421,148,2,60
43421,43420,2,60
43435,43434,2,60
43454,10198,2,60
43454,30157,2,180
43454,30158,2,180
43454,10199,2,60
43474,43434,2,60
43474,43435,2,60
43476,43475,2,60
43477,43475,2,60
43477,43476,2,60
43478,37098,2,60
43495,43494,2,60
43496,43225,2,60
43496,10945,2,60
43496,46050,2,180
43496,42744,2,180
43496,43224,2,60
43496,43222,2,60
43496,599,2,60
43496,43226,2,60
43514,3060,2,60
43514,30545,2,60
43535,43534,2,60
43537,43536,2,60
43555,43554,2,60
43574,101,2,60
43634,12109,2,60
43634,2796,2,60
43635,43634,2,60
43635,2796,2,60
43635,12109,2,60
43637,43636,2,60
43639,43638,2,60
43641,43640,2,60
43644,37350,2,60
43648,3104,2,60
43648,3103,2,60
43649,1975,2,60
43649,1974,2,60
43651,43650,2,60
43659,10729,2,60
43659,10728,2,60
43661,10728,2,60
43661,43659,2,60
43661,10729,2,60
43674,42501,2,60
43677,43676,2,60
43716,43715,2,60
43734,10264,2,60
43736,37439,2,240
43736,37438,2,240
43736,42574,2,60
43736,42575,2,60
43737,37439,2,240
43737,43736,2,60
43737,37438,2,240
43737,42574,2,60
43737,42575,2,60
43755,43754,2,60
43816,2779,2,60
43832,43831,2,60
43839,43838,2,60
43855,43854,2,60
43880,1476,2,60
43880,1475,2,60
43915,11857,2,60
43915,11856,2,60
43917,39919,2,60
43917,39920,2,60
43917,39941,2,60
43917,39942,2,60
43934,42954,2,60
43934,1178,2,60
43934,1179,2,60
43936,43217,2,60
43937,43936,2,60
43937,43217,2,60
43945,11721,2,60
43999,40714,2,60
44018,32131,2,180
44018,32130,2,180
44018,42558,2,60
44018,42557,2,60
44018,2992,2,60
44018,2993,2,60
44058,3330,2,60
44178,36326,2,60
44279,44278,2,60
44320,1906,2,60
44320,1905,2,60
44322,44321,2,60
44358,11199,2,60
44358,1887,2,60
44418,10490,2,60
44440,10728,2,60
44440,43659,2,60
44440,10729,2,60
44440,43661,2,60
44558,44538,2,60
44598,30511,2,180
44598,30510,2,180
44598,166,2,180
44598,10429,2,180
44598,30005,2,180
44598,30201,2,180
44598,30103,2,180
44598,159,2,180
44598,10508,2,180
44598,12289,2,180
44598,33685,2,60
44598,11520,2,60
44598,11518,2,60
44598,30008,2,180
44598,41594,2,180
44598,10920,2,180
44618,44279,2,60
44618,44278,2,60
44678,42682,2,60
44718,2060,2,60
44759,44758,2,60
44799,44798,2,60
44838,11240,2,60
44838,10329,2,60
44978,32173,2,180
44978,32172,2,180
44978,43214,2,60
44978,43215,2,60
44978,43302,2,60
45001,33429,2,60
45001,2306,2,60
45001,2305,2,60
45041,10972,2,60
45218,10763,2,60
45260,45766,2,180
45260,45764,2,180
45261,45766,2,180
45261,45260,2,60
45261,45764,2,180
45262,11276,2,180
45262,11275,2,180
45263,11276,2,180
45263,11275,2,180
45263,45262,2,60
45265,45767,2,180
45265,45769,2,180
45265,45773,2,180
45265,45774,2,180
45265,45768,2,180
45266,45767,2,180
45266,45265,2,60
45266,45773,2,180
45266,45774,2,180
45266,45768,2,180
45266,45769,2,180
45270,1091,2,180
45270,32157,2,60
45270,1089,2,180
45270,11014,2,180
45270,1086,2,180
45270,30189,2,180
45270,1095,2,180
45270,1087,2,180
45270,32962,2,180
45271,32156,2,60
45271,1086,2,180
45271,1089,2,180
45271,1091,2,180
45271,30189,2,180
45271,30190,2,180
45271,1087,2,180
45271,11014,2,180
45271,32962,2,180
45271,1095,2,180
45280,45279,2,60
45282,45281,2,60
45359,45358,2,60
45378,43839,2,60
45378,43838,2,60
45401,39774,2,60
45419,45418,2,60
45421,45420,2,60
45423,45422,2,60
45425,45424,2,60
45428,45426,2,60
45430,45429,2,60
45432,45431,2,60
45434,45433,2,60
45439,45438,2,60
45441,45440,2,60
45443,45442,2,60
45445,45444,2,60
45447,45446,2,60
45449,45448,2,60
45451,45450,2,60
45453,45452,2,60
45455,45454,2,60
45457,45456,2,60
45459,45458,2,60
45461,45460,2,60
45463,45462,2,60
45465,45464,2,60
45467,45466,2,60
45469,2465,2,60
45473,45472,2,60
45475,45474,2,60
45477,45476,2,60
45479,45478,2,60
45481,45480,2,60
45483,45482,2,60
45485,45484,2,60
45638,2427,2,60
45638,37506,2,60
45638,12126,2,60
45639,11452,2,60
45720,45719,2,60
45759,1481,2,60
45766,45764,2,60
45768,45767,2,60
45769,45768,2,60
45769,45767,2,60
45773,45768,2,60
45773,45769,2,60
45773,45767,2,60
45774,45767,2,60
45774,45773,2,60
45774,45769,2,60
45774,45768,2,60
45787,12076,2,60
45789,2719,2,180
45789,2720,2,180
45789,41295,2,180
45789,2721,2,180
45790,41295,2,180
45790,2721,2,180
45790,2720,2,180
45790,2719,2,180
45790,45789,2,60
45791,2555,2,60
45796,2470,2,180
45796,2471,2,180
45796,31504,2,60
45797,36895,2,60
45797,36894,2,60
45798,45797,2,60
45798,36895,2,60
45798,36894,2,60
45799,11518,2,180
45799,11520,2,180
45799,33685,2,180
45799,44598,2,180
45799,159,2,180
45799,30008,2,180
45799,10508,2,180
45799,30005,2,180
45799,166,2,180
45799,10429,2,180
45799,10920,2,180
45799,30103,2,180
45799,30201,2,180
45799,41594,2,60
45799,12289,2,60
45799,30510,2,60
45799,30511,2,60
45800,45378,2,60
45800,43839,2,60
45800,43838,2,60
45801,34350,2,180
45801,32503,2,180
45801,32121,2,180
45801,32120,2,180
45801,35834,2,180
45801,39054,2,180
45801,32502,2,180
45801,11738,2,180
45801,11534,2,180
45801,11213,2,180
45801,2206,2,60
45801,35954,2,60
45801,10320,2,180
45802,2206,2,60
45802,32121,2,180
45802,32502,2,180
45802,39054,2,180
45802,35834,2,180
45802,34350,2,180
45802,32503,2,180
45802,35954,2,60
45802,32120,2,180
45802,10320,2,180
45802,11213,2,180
45802,11534,2,180
45802,11738,2,180
45802,45801,2,60
45803,43422,2,60
45804,11321,2,60
45804,11392,2,60
45804,30183,2,180
45804,33947,2,60
45804,33845,2,60
45804,11322,2,60
45804,11323,2,60
45805,11879,2,60
45805,11878,2,60
45806,11878,2,60
45806,11879,2,60
45806,45805,2,60
45807,1454,2,60
45817,3081,2,60
45817,3080,2,60
45819,3410,2,60
45822,38834,2,60
45822,37408,2,60
45822,1892,2,60
45822,1889,2,60
45822,11505,2,60
45822,45862,2,180
45822,45861,2,180
45824,3206,2,60
45824,3205,2,60
45835,45834,2,60
45837,45836,2,60
45838,1716,2,60
45838,1715,2,60
45839,43915,2,60
45839,11856,2,60
45839,11857,2,60
45840,45833,2,60
45841,34210,2,60
45841,31908,2,60
45841,2790,2,60
45848,11738,2,180
45848,35659,2,180
45848,32123,2,240
45848,32122,2,240
45848,2982,2,300
45848,39054,2,180
45848,35834,2,180
45848,34350,2,180
45848,32503,2,180
45848,32502,2,180
45848,10320,2,180
45848,11213,2,180
45848,11534,2,180
45848,46024,2,180
45851,2441,2,60
45852,11095,2,60
45852,11096,2,60
45853,45852,2,60
45853,11095,2,60
45853,11096,2,60
45855,45854,2,60
45857,45856,2,60
45862,45861,2,60
45863,902,2,120
45863,901,2,120
45863,900,2,120
45863,899,2,120
45864,45863,2,60
45864,902,2,120
45864,901,2,120
45864,900,2,120
45864,899,2,120
45870,45869,2,60
45883,30364,2,360
45883,2213,2,360
45883,11738,2,180
45883,45848,2,180
45883,32123,2,180
45883,32122,2,180
45883,32121,2,180
45883,32120,2,180
45883,2982,2,300
45883,39054,2,180
45883,35834,2,180
45883,34350,2,180
45883,32503,2,180
45883,32502,2,180
45883,10320,2,180
45883,11213,2,180
45883,11534,2,180
45883,35659,2,60
45883,46024,2,180
45883,46025,2,180
45884,2982,2,300
45884,39054,2,180
45884,35834,2,180
45884,34350,2,180
45884,32503,2,180
45884,32502,2,180
45884,10320,2,180
45884,11213,2,180
45884,11534,2,180
45884,45848,2,60
45884,46024,2,180
45884,11738,2,180
45884,45883,2,180
45884,35659,2,180
45884,32123,2,240
45884,32122,2,240
45885,933,2,60
45885,932,2,60
45886,45885,2,60
45886,933,2,60
45886,932,2,60
45887,3058,2,60
45887,3057,2,60
45888,45887,2,60
45888,3058,2,60
45888,3057,2,60
45891,43514,2,60
45891,30545,2,60
45891,3060,2,60
45912,2559,2,60
45969,45964,2,60
45970,45963,2,60
45980,235,2,60
46000,10502,2,60
46000,801,2,60
46000,10501,2,60
46008,45018,2,60
46009,42286,2,60
46010,2814,2,60
46010,40674,2,60
46011,35934,2,60
46014,46013,2,60
46015,1797,2,60
46030,41975,2,180
46030,11750,2,180
46030,11751,2,180
46030,41974,2,180
46030,31663,2,180
46033,46034,2,180
46035,46124,2,120
46035,46123,2,120
46035,46121,2,120
46035,46122,2,120
46035,46125,2,120
46035,46126,2,120
46035,46130,2,120
46035,46132,2,120
46035,46120,2,120
46035,46036,2,120
46036,46120,2,120
46036,46121,2,120
46036,46125,2,120
46036,46124,2,120
46036,46130,2,120
46036,46123,2,120
46036,46122,2,120
46036,46132,2,120
46036,46126,2,120
46040,2702,2,180
46040,30197,2,180
46040,30198,2,60
46040,2701,2,180
46040,2700,2,180
46040,30133,2,180
46040,10068,2,180
46051,30201,2,180
46051,30103,2,180
46051,10920,2,180
46051,10429,2,180
46051,45799,2,180
46051,41594,2,180
46051,30511,2,180
46051,30510,2,180
46051,12289,2,180
46051,166,2,180
46051,30005,2,180
46051,10508,2,180
46051,30008,2,180
46051,159,2,180
46051,44598,2,180
46051,33685,2,180
46051,11520,2,180
46051,11518,2,180
46051,30202,2,60
46067,46132,2,360
46067,46130,2,360
46067,46126,2,360
46067,46125,2,360
46067,46124,2,360
46067,46123,2,360
46067,46122,2,360
46067,46121,2,360
46067,46120,2,360
46067,46035,2,360
46067,46036,2,360
46075,46074,2,60
46076,45841,2,60
46076,34210,2,60
46076,31908,2,60
46076,2790,2,60
46078,46012,2,60
46082,40694,2,60
46082,37014,2,60
46082,1182,2,60
46082,40234,2,60
46088,46024,2,180
46088,46025,2,180
46088,45884,2,180
46088,45883,2,180
46088,45848,2,180
46088,45802,2,180
46088,45801,2,180
46088,35954,2,180
46088,35659,2,180
46088,32121,2,180
46088,32120,2,180
46088,39054,2,60
46088,35834,2,60
46088,34350,2,60
46088,32503,2,60
46088,32502,2,60
46088,2206,2,180
46088,11738,2,180
46088,10320,2,60
46088,11213,2,60
46088,11534,2,60
46091,43031,2,60
46092,46091,2,60
46092,43031,2,60
46093,46092,2,60
46093,46091,2,60
46093,43031,2,60
46094,46093,2,60
46094,46092,2,60
46094,46091,2,60
46094,43031,2,60
46096,46095,2,60
46098,46097,2,60
46101,46100,2,60
46102,35315,2,60
46103,46102,2,60
46103,35315,2,60
46109,46108,2,60
46110,45402,2,60
46111,45435,2,60
46121,46120,2,60
46122,46120,2,60
46122,46121,2,60
46123,46122,2,60
46123,46121,2,60
46123,46120,2,60
46124,46123,2,60
46124,46122,2,60
46124,46121,2,60
46124,46120,2,60
46125,46124,2,60
46125,46123,2,60
46125,46122,2,60
46125,46121,2,60
46125,46120,2,60
46126,46125,2,60
46126,46124,2,60
46126,46123,2,60
46126,46122,2,60
46126,46121,2,60
46126,46120,2,60
46128,46127,2,60
46130,46121,2,60
46130,46120,2,60
46130,46126,2,60
46130,46125,2,60
46130,46124,2,60
46130,46123,2,60
46130,46122,2,60
46132,46126,2,60
46132,46125,2,60
46132,46124,2,60
46132,46123,2,60
46132,46122,2,60
46132,46121,2,60
46132,46120,2,60
46132,46130,2,60
46134,46133,2,60
46140,46139,2,60
46151,32119,2,180
46151,32118,2,180
46154,2545,2,120
46154,2543,2,120
46154,2542,2,120
46154,2541,2,120
46154,35094,2,60
46155,39037,2,180
46155,2350,2,180
46156,39037,2,180
46156,2350,2,180
46156,46155,2,60
46158,46157,2,60
46159,46032,2,180
46159,46031,2,180
46159,46190,2,120
46159,46189,2,120
46160,46032,2,180
46160,46031,2,180
46160,46190,2,120
46160,46189,2,120
46160,46159,2,60
46172,46171,2,60
46173,31906,2,60
46174,46173,2,60
46174,31906,2,60
46175,32119,2,180
46175,32118,2,180
46175,46151,2,60
46176,43875,2,60
46180,39174,2,60
46182,46181,2,60
46184,46183,2,60
46186,46185,2,60
46190,46189,2,60
46191,32503,2,180
46191,2206,2,60
46191,32121,2,180
46191,32120,2,180
46191,46088,2,180
46191,39054,2,180
46191,35834,2,180
46191,34350,2,180
46191,32502,2,180
46191,10320,2,180
46191,11213,2,180
46191,11534,2,180
46191,11738,2,180
46191,45802,2,60
46191,45801,2,60
46191,35954,2,60
46193,46192,2,60
46198,46197,2,60
46201,44658,2,60
46205,46204,2,60
46206,36115,2,180
46206,36114,2,180
46206,35676,2,60
46212,40896,2,60
46215,42478,2,60
46215,484,2,60
46215,483,2,60
46215,482,2,60
46216,2478,2,60
46216,2477,2,60
46216,34087,2,180
46222,46303,2,120
46222,46052,2,120
46222,42743,2,120
46222,30156,2,120
46222,10818,2,180
46222,34934,2,120
46222,32842,2,180
46222,1190,2,60
46222,30173,2,60
46222,1192,2,240
46222,1191,2,240
46222,1189,2,60
46222,1198,2,180
46222,3503,2,240
46222,11529,2,60
46233,46232,2,60
46235,46234,2,60
46237,46236,2,60
46240,46239,2,60
46250,30069,2,60
46255,10166,2,60
46256,1492,2,60
46267,46266,2,60
46269,30448,2,180
46269,30447,2,180
46269,40036,2,180
46269,40115,2,180
46269,37301,2,180
46269,37295,2,180
46269,39976,2,60
46269,37275,2,60
46269,34416,2,60
46269,11315,2,60
46270,30448,2,180
46270,30447,2,180
46270,40036,2,180
46270,40115,2,180
46270,37301,2,180
46270,37295,2,180
46270,46269,2,60
46270,39976,2,60
46270,37275,2,60
46270,34416,2,60
46270,11315,2,60
46290,43226,2,60
46290,10945,2,60
46290,599,2,60
46290,46050,2,180
46290,42744,2,180
46290,43496,2,60
46290,43225,2,60
46290,43224,2,60
46290,43222,2,60
46292,343,2,60
46293,504,2,60
46295,46294,2,60
46303,46052,2,180
46303,42743,2,180
46303,30156,2,180
46304,1768,2,60
46304,1769,2,60
46307,46289,2,60
46309,46308,2,60
46310,46189,2,60
46310,46190,2,60
46310,46160,2,180
46310,46159,2,180
46311,11753,2,60
46312,11321,2,60
46312,11392,2,60
46312,11323,2,60
46312,11322,2,60
46312,33845,2,60
46312,33947,2,60
46312,45804,2,60
46312,30183,2,180
46312,30184,2,180
46315,46314,2,60
46318,1029,2,60
46322,46321,2,60
46328,46327,2,60
46337,46336,2,60
46339,46338,2,60
46341,46340,2,60
46343,46342,2,60
46345,46344,2,60
46347,46346,2,60
46349,46348,2,60
46351,46350,2,60
46353,46352,2,60
46355,46354,2,60
46358,46357,2,60
46360,46359,2,60
46364,46331,2,60
46370,46369,2,60
46372,46371,2,60
46374,46373,2,60
46376,46375,2,60
46378,46377,2,60
46380,46379,2,60
46386,46385,2,60
46388,46387,2,60
46392,46391,2,60
46396,46395,2,60
46400,46399,2,60
46402,46401,2,60
46404,46403,2,60
46406,46405,2,60
46408,46407,2,60
46410,46409,2,60
46412,46411,2,60
46414,46413,2,60
46416,46415,2,60
46418,46417,2,60
46419,10165,2,60
46420,46419,2,60
46420,10165,2,60
46421,10188,2,60
46421,10185,2,60
46421,10184,2,60
46421,11292,2,60
46421,11231,2,60
46421,30186,2,180
46421,30185,2,180
46422,1089,2,60
46422,1086,2,60
46422,1095,2,60
46422,11014,2,60
46422,32962,2,60
46422,1087,2,60
46422,32156,2,180
46422,45271,2,180
46422,32157,2,180
46422,45270,2,180
46422,30190,2,180
46422,1091,2,60
46422,30189,2,180
46423,11231,2,60
46423,11292,2,60
46423,10184,2,60
46423,10185,2,60
46423,10188,2,60
46423,46421,2,60
46423,30186,2,180
46423,30185,2,180
46425,46424,2,60
46427,46426,2,60
46431,46430,2,60
46433,46432,2,60
46434,10265,2,60
46434,10266,2,60
46435,361,2,60
46435,12264,2,60
46436,46435,2,60
46436,361,2,60
46436,12264,2,60
46437,3019,2,60
46439,46438,2,60
46440,43435,2,60
46440,43474,2,60
46440,43434,2,60
46460,46459,2,60
46471,44382,2,60
46496,46495,2,60
46498,46497,2,60
46514,46513,2,60
46515,3129,2,60
46518,10359,2,60
46523,203,2,60
46523,202,2,60
46524,203,2,60
46524,46523,2,60
46524,202,2,60
46536,46535,2,60
46537,639,2,60
46537,640,2,60
46552,46551,2,60
46569,42954,2,60
46569,1179,2,60
46569,1178,2,60
46569,43934,2,60
46593,11921,2,60
46593,2186,2,60
46593,2185,2,60
46593,35774,2,60
46593,35957,2,60
46593,10946,2,180
46593,10637,2,180
46593,10638,2,180
46593,10947,2,180
46593,35958,2,60
46601,46600,2,60
46603,46602,2,60
46632,39377,2,180
46632,40014,2,60
46632,39895,2,60
46632,39894,2,60
46632,39376,2,180
46639,10055,2,60
46644,42740,2,180
46644,46055,2,180
46644,30472,2,180
46644,32127,2,180
46644,43058,2,60
46644,435,2,60
46644,434,2,60
46644,11810,2,60
46644,32126,2,180
46645,43058,2,60
46645,30472,2,180
46645,32126,2,180
46645,32127,2,180
46645,42740,2,180
46645,46055,2,180
46645,11810,2,60
46645,434,2,60
46645,435,2,60
46645,46644,2,60
46648,46257,2,60
46662,46661,2,60
46664,46125,2,360
46664,46120,2,360
46664,46126,2,360
46664,46123,2,360
46664,46122,2,360
46664,46121,2,360
46664,46035,2,360
46664,46036,2,360
46664,46067,2,60
46664,46124,2,360
46664,46132,2,360
46664,46130,2,360
46675,42394,2,60
46683,46681,2,60
46685,46684,2,60
46688,2402,2,60
46690,46689,2,60
46703,2853,2,60
46703,2854,2,60
46705,10515,2,60
46705,2715,2,60
46707,46697,2,60
46717,46711,2,60
46721,46718,2,60
46725,46724,2,60
46735,2707,2,60
46735,2708,2,60
46735,2705,2,60
46762,10844,2,60
46762,10845,2,60
46769,35659,2,180
46769,2213,2,60
46769,45883,2,180
46769,30364,2,60
46769,32120,2,180
46769,32121,2,180
46770,46188,2,60
46782,46009,2,60
46782,42286,2,60
46783,42286,2,60
46783,46009,2,60
46783,46782,2,60
46792,2688,2,60
46807,30504,2,60
46807,30505,2,60
46818,585,2,60
46832,46819,2,60
46833,46216,2,180
46833,2477,2,180
46833,2478,2,180
46840,46837,2,60
46845,46844,2,60
46854,46853,2,60
46856,46855,2,60
46873,46872,2,60
46875,46874,2,60
46877,46876,2,60
46878,37907,2,60
46880,46879,2,60
46881,42634,2,420
46907,10371,2,60
46907,10372,2,60
46908,10371,2,60
46908,46907,2,60
46908,10372,2,60
46916,385,2,60
46916,37699,2,60
46916,386,2,60
46928,1835,2,60
46928,1834,2,60
46933,46932,2,60
46935,42157,2,60
46935,42155,2,60
46936,46935,2,60
46936,42155,2,60
46936,42157,2,60
46942,11878,2,60
46942,11879,2,60
46942,45805,2,60
46942,45806,2,60
46948,46947,2,60
46956,46389,2,60
46957,1882,2,60
46957,11215,2,60
46957,10331,2,60
46958,928,2,60
46960,35668,2,180
46960,35669,2,180
46960,39996,2,60
46960,37274,2,60
46960,37217,2,60
46960,37216,2,60
46960,37215,2,60
46960,37214,2,60
46960,37169,2,60
46960,37170,2,60
46960,36414,2,60
46960,36394,2,180
46961,46960,2,60
46961,39996,2,60
46961,37274,2,60
46961,37217,2,60
46961,37216,2,60
46961,37215,2,60
46961,37214,2,60
46961,37169,2,60
46961,37170,2,60
46961,36414,2,60
46961,36394,2,180
46961,35669,2,180
46961,35668,2,180
46962,46960,2,60
46962,37274,2,60
46962,35668,2,180
46962,46961,2,60
46962,37217,2,60
46962,37216,2,60
46962,35669,2,180
46962,36394,2,180
46962,37215,2,60
46962,39996,2,60
46962,36414,2,60
46962,37170,2,60
46962,37169,2,60
46962,37214,2,60
46972,46971,2,60
46974,46973,2,60
46975,541,2,60
46978,46977,2,60
46988,2564,2,60
47001,47000,2,60
47002,36994,2,60
47002,36995,2,60
47003,36994,2,60
47003,36995,2,60
47003,47002,2,60
47004,32123,2,180
47004,32122,2,180
47004,2982,2,60
47004,45848,2,360
47004,45884,2,360
47004,35659,2,360
47004,45883,2,360
47005,36999,2,60
47007,1076,2,60
47007,1077,2,60
47008,227,2,60
47030,51,2,60
47030,50,2,60
47031,43848,2,60
47059,47058,2,60
47061,47060,2,60
47072,39393,2,180
47072,39914,2,60
47072,39392,2,180
47081,47080,2,60
47082,444,2,60
47083,11997,2,60
47087,45469,2,60
47087,2465,2,60
47090,2335,2,60
47090,2336,2,60
47101,47087,2,60
47101,45469,2,60
47101,2465,2,60
47102,73,2,60
47103,1628,2,60
47109,46515,2,60
47109,3129,2,60
47110,10637,2,60
47110,2186,2,180
47110,11921,2,180
47110,46593,2,180
47110,10946,2,60
47110,2185,2,180
47110,35958,2,180
47110,10947,2,60
47110,10638,2,60
47110,35957,2,180
47110,35774,2,180
47118,10320,2,180
47118,32503,2,180
47118,34350,2,180
47118,35834,2,180
47118,39054,2,180
47118,46088,2,180
47118,32120,2,180
47118,32121,2,180
47118,2206,2,60
47118,35954,2,60
47118,45801,2,60
47118,45802,2,60
47118,46191,2,60
47118,11738,2,180
47118,11534,2,180
47118,11213,2,180
47118,32502,2,180
47119,47030,2,60
47119,51,2,60
47119,50,2,60
47121,47120,2,60
47130,30006,2,60
47130,12107,2,60
47135,1683,2,60
47138,47137,2,60
47142,47141,2,60
47144,47007,2,60
47144,1076,2,60
47144,1077,2,60
47155,47154,2,60
47163,47159,2,60
47164,31905,2,60
47164,31904,2,60
47164,1180,2,60
47165,36198,2,60
47167,47166,2,60
47168,40255,2,60
47169,46429,2,60
47170,1140,2,60
47175,3251,2,60
47176,2925,2,60
47177,1342,2,60
47178,3167,2,60
47179,42017,2,60
47180,42019,2,60
47186,5,2,60
47186,6,2,60
47186,3,2,60
47186,10526,2,60
47187,31602,2,60
47187,1594,2,60
47188,10614,2,60
47190,47189,2,60
47191,33123,2,60
47192,1260,2,60
47193,383,2,60
47194,43842,2,60
47195,43842,2,60
47195,47194,2,60
47196,1136,2,60
47197,10543,2,60
47201,41819,2,60
47201,11061,2,60
47201,11060,2,60
47202,1738,2,60
47202,1739,2,60
47203,1739,2,60
47203,47202,2,60
47203,1738,2,60
47205,47204,2,60
47208,47207,2,60
47213,40016,2,60
47213,39381,2,180
47213,39380,2,180
47214,11079,2,60
47215,467,2,60
47216,10352,2,60
47218,11717,2,60
47220,36274,2,60
47224,42545,2,60
47224,31764,2,60
47226,85,2,60
47227,420,2,60
47228,230,2,60
47229,47225,2,60
47231,45471,2,60
47232,46174,2,60
47232,46173,2,60
47232,31906,2,60
47233,11927,2,60
47234,33486,2,60
47235,39514,2,60
47236,30575,2,60
47236,30574,2,60
47236,10252,2,60
47236,10566,2,60
47236,3434,2,60
47236,1061,2,60
47236,1059,2,60
47236,10332,2,60
47236,10567,2,60
47236,10292,2,60
47236,30206,2,180
47236,30205,2,180
47236,39474,2,60
47236,37399,2,60
47236,30507,2,60
47236,32682,2,60
47236,30579,2,60
47237,2790,2,60
47237,46076,2,60
47237,45841,2,60
47237,34210,2,60
47237,31908,2,60
47238,34814,2,60
47241,47240,2,60
47242,988,2,60
47247,47246,2,60
47248,46458,2,60
47250,42103,2,60
47251,10144,2,60
47253,1812,2,60
47254,3044,2,60
47255,32119,2,180
47255,32118,2,180
47255,46175,2,60
47255,46151,2,60
47262,47261,2,60
47263,47155,2,60
47263,47154,2,60
47264,30443,2,60
47265,2654,2,60
47266,671,2,60
47267,56,2,60
47268,449,2,60
47269,37600,2,60
47270,452,2,60
47270,451,2,60
47271,42709,2,60
47272,43557,2,60
47273,47272,2,60
47273,43557,2,60
47274,34456,2,60
47277,47276,2,60
47278,1900,2,60
47278,1899,2,60
47279,46441,2,60
47280,46697,2,60
47280,46707,2,60
47281,33525,2,60
47281,2637,2,60
47281,2636,2,60
47282,32120,2,180
47282,46769,2,60
47282,30364,2,60
47282,2213,2,60
47282,45883,2,180
47282,35659,2,180
47282,32121,2,180
47283,949,2,60
47286,47285,2,60
47287,46159,2,60
47287,46160,2,60
47287,46032,2,180
47287,46031,2,180
47287,46310,2,180
47287,46190,2,180
47287,46189,2,180
47290,47289,2,60
47292,47291,2,60
47294,47293,2,60
47296,47295,2,60
47298,47297,2,60
47300,47299,2,60
47302,47301,2,60
47304,47303,2,60
47306,47305,2,60
47308,47307,2,60
47309,32161,2,180
47309,32160,2,180
47310,32161,2,180
47310,32160,2,180
47310,47309,2,60
47323,47306,2,60
47323,47305,2,60
47326,47008,2,60
47326,227,2,60
47327,667,2,60
47334,47333,2,60
47336,47335,2,60
47337,3513,2,60
47338,10376,2,60
47339,45261,2,180
47339,45260,2,180
47339,45766,2,60
47339,45764,2,60
47341,10385,2,60
47341,10383,2,60
47342,35583,2,60
47343,10915,2,60
47344,46216,2,180
47344,2478,2,180
47344,2477,2,180
47344,34087,2,60
47345,10997,2,60
47346,10994,2,60
47348,47347,2,60
47349,36255,2,60
47351,47350,2,60
47352,36238,2,60
47353,36221,2,60
47355,47354,2,60
47356,36214,2,60
47357,36211,2,60
47358,46138,2,60
47360,36195,2,60
47361,36466,2,60
47362,41680,2,60
47363,423,2,60
47364,47360,2,60
47364,36195,2,60
47368,1752,2,60
47369,11843,2,60
47370,2299,2,60
47374,47373,2,60
47376,628,2,60
47378,47377,2,60
47379,1627,2,60
47380,1893,2,60
47381,36014,2,60
47382,47381,2,60
47382,36014,2,60
47383,31023,2,60
47384,581,2,60
47384,579,2,60
47385,2824,2,60
47386,3070,2,60
47387,30031,2,60
47390,1983,2,60
47390,36152,2,60
47391,42751,2,180
47391,42752,2,180
47392,47391,2,60
47392,42751,2,180
47392,42752,2,180
47393,3205,2,60
47393,45824,2,60
47393,3206,2,60
47399,47019,2,60
47400,42658,2,60
47401,1753,2,60
47402,46659,2,60
47403,44381,2,60
47405,47404,2,60
47406,43645,2,60
47407,43647,2,60
47408,30036,2,60
47409,1967,2,60
47410,1272,2,60
47411,2106,2,60
47412,41855,2,60
47413,526,2,60
47414,2091,2,60
47414,2090,2,60
47418,42540,2,60
47418,39938,2,60
47418,39937,2,60
47418,35669,2,180
47418,35668,2,180
47419,36719,2,60
47420,36717,2,60
47421,36716,2,60
47422,42029,2,60
47423,796,2,60
47424,39407,2,180
47424,39406,2,180
47424,39975,2,60
47424,39974,2,60
47426,42035,2,60
47427,41983,2,60
47428,2238,2,180
47428,2237,2,60
47430,47429,2,60
47432,47384,2,60
47432,581,2,60
47432,579,2,60
47435,47434,2,60
47437,47433,2,60
47439,47438,2,60
47442,39940,2,60
47445,41738,2,60
47446,43614,2,60
47447,41997,2,60
47447,2949,2,60
47447,2950,2,60
47449,47448,2,60
47452,1478,2,60
47452,1477,2,60
47466,37616,2,60
47466,840,2,60
47466,839,2,60
47468,47467,2,60
47475,674,2,60
47478,47331,2,60
47479,11949,2,60
47484,1318,2,60
47488,47487,2,60
47490,47489,2,60
47491,43355,2,60
47492,12021,2,60
47494,47493,2,60
47495,19,2,60
47495,18,2,60
47496,47495,2,60
47496,19,2,60
47496,18,2,60
47498,47497,2,60
47499,1169,2,60
47500,33102,2,60
47501,11305,2,60
47501,2935,2,60
47502,2551,2,60
47503,183,2,60
47503,185,2,60
47504,35458,2,60
47506,47505,2,60
47508,40895,2,60
47510,47509,2,60
47513,11798,2,60
47516,47515,2,60
47518,47517,2,60
47519,642,2,60
47519,641,2,60
47520,46197,2,60
47520,46198,2,60
47521,2169,2,60
47521,2168,2,60
47524,2776,2,60
47524,2775,2,60
47525,42957,2,60
47525,41834,2,60
47525,42956,2,60
47529,47528,2,60
47534,42964,2,180
47534,2685,2,180
47534,2602,2,60
47535,9,2,60
47536,10223,2,60
47537,2241,2,60
47542,47541,2,60
47545,32125,2,180
47545,30551,2,60
47545,32124,2,180
47546,43056,2,60
47547,43054,2,60
47565,773,2,60
47565,30391,2,60
47565,772,2,60
47566,2728,2,60
47566,2729,2,60
47568,45844,2,60
47573,47572,2,60
47582,47581,2,60
47587,1102,2,60
47587,30398,2,60
47587,1103,2,60
47595,30553,2,60
47595,30552,2,60
47595,3151,2,60
47600,30185,2,180
47600,46423,2,60
47600,30186,2,180
47600,11231,2,60
47600,11292,2,60
47600,10184,2,60
47600,10185,2,60
47600,46421,2,60
47600,10188,2,60
47601,1588,2,60
47607,32145,2,180
47607,1490,2,60
47607,32144,2,180
47607,1489,2,60
47620,47614,2,60
47621,46330,2,60
47622,47621,2,60
47622,46330,2,60
47623,46328,2,60
47623,46327,2,60
47625,47624,2,60
47634,46130,2,180
47634,46132,2,180
47634,46067,2,60
47634,46664,2,60
47634,46035,2,180
47634,46036,2,180
47634,46120,2,180
47634,46121,2,180
47634,46122,2,180
47634,46123,2,180
47634,46124,2,180
47634,46126,2,180
47634,46125,2,180
47635,47634,2,60
47635,46035,2,180
47635,46067,2,60
47635,46132,2,180
47635,46664,2,60
47635,46130,2,180
47635,46126,2,180
47635,46125,2,180
47635,46124,2,180
47635,46123,2,180
47635,46122,2,180
47635,46121,2,180
47635,46036,2,180
47635,46120,2,180
47637,47636,2,60
47640,11843,2,60
47640,47369,2,60
47645,1834,2,60
47645,1835,2,60
47645,46928,2,60
47646,47581,2,60
47646,47582,2,60
